time,lat,lon,elevation,accuracy,bearing,speed
2013-06-11T09:00:11Z,33.643029,-117.842325,12.300000,9.000000,123.900002,1.414214
2013-06-11T09:00:30Z,33.642827,-117.842031,18.799999,11.000000,79.099998,1.250000
2013-06-11T09:00:44Z,33.642679,-117.841667,20.600000,15.000000,84.400002,1.250000
2013-06-11T09:01:10Z,33.642646,-117.841793,40.599998,21.000000,0.000000,0.000000
2013-06-11T09:01:24Z,33.642641,-117.841951,23.799999,7.000000,193.800003,5.250000
2013-06-11T09:01:38Z,33.642429,-117.841274,9.200000,7.000000,70.300003,11.180340
2013-06-11T09:02:08Z,33.642514,-117.837621,13.700000,7.000000,98.099998,11.349560
2013-06-11T09:03:03Z,33.641197,-117.833420,10.800000,7.000000,24.600000,7.000000
2013-06-11T09:03:16Z,33.641700,-117.833239,11.000000,12.000000,351.799988,4.000000
2013-06-11T09:04:12Z,33.641846,-117.833730,9.600000,31.000000,198.600006,1.250000
2013-06-11T09:04:25Z,33.641840,-117.833660,21.299999,18.000000,242.399994,0.500000
2013-06-11T09:04:42Z,33.641646,-117.833380,16.700001,10.000000,122.000000,0.707107
2013-06-11T09:05:14Z,33.641574,-117.833352,23.799999,22.000000,70.599998,0.250000
2013-06-11T09:05:44Z,33.641451,-117.833336,40.700001,35.000000,171.600006,0.750000
2013-06-11T09:06:14Z,33.641619,-117.833457,21.799999,46.000000,345.399994,1.500000
2013-06-11T09:06:52Z,33.641645,-117.833604,24.299999,55.000000,0.000000,0.000000
2013-06-11T09:07:07Z,33.641632,-117.833573,28.200001,19.000000,0.000000,0.000000
2013-06-11T09:07:22Z,33.641627,-117.833540,25.100000,21.000000,0.000000,0.000000
2013-06-11T09:07:37Z,33.641624,-117.833524,23.900000,28.000000,0.000000,0.000000
2013-06-11T09:07:52Z,33.641615,-117.833496,21.500000,19.000000,0.000000,0.000000
2013-06-11T09:08:31Z,33.641613,-117.833500,21.600000,74.000000,0.000000,0.000000
2013-06-11T09:09:10Z,33.641550,-117.833492,17.400000,14.000000,0.000000,0.000000
2013-06-11T09:09:29Z,33.641545,-117.833467,20.200001,11.000000,0.000000,0.000000
2013-06-11T09:09:44Z,33.641548,-117.833459,24.000000,15.000000,0.000000,0.000000
2013-06-11T09:09:58Z,33.641549,-117.833451,25.000000,19.000000,0.000000,0.000000
2013-06-11T09:10:12Z,33.641550,-117.833463,23.500000,16.000000,0.000000,0.000000
2013-06-11T09:10:26Z,33.641551,-117.833461,24.400000,19.000000,0.000000,0.000000
2013-06-11T09:10:41Z,33.641551,-117.833459,23.799999,18.000000,0.000000,0.000000
2013-06-11T09:10:55Z,33.641555,-117.833469,23.900000,18.000000,0.000000,0.000000
2013-06-11T09:11:25Z,33.641558,-117.833469,23.100000,10.000000,0.000000,0.000000
2013-06-11T09:11:44Z,33.641571,-117.833464,24.500000,16.000000,0.000000,0.000000
2013-06-11T09:12:15Z,33.641571,-117.833461,24.200001,19.000000,0.000000,0.000000
2013-06-11T09:12:53Z,33.641571,-117.833464,23.600000,30.000000,0.000000,0.000000
2013-06-11T09:14:10Z,33.641571,-117.833462,24.299999,37.000000,0.000000,0.000000
2013-06-11T09:14:43Z,33.641572,-117.833462,24.200001,26.000000,0.000000,0.000000
2013-06-11T09:15:22Z,33.641572,-117.833460,23.900000,38.000000,0.000000,0.000000
2013-06-11T09:16:43Z,33.641573,-117.833459,24.000000,143.000000,0.000000,0.000000
2013-06-11T09:16:57Z,33.641572,-117.833460,24.600000,21.000000,0.000000,0.000000
2013-06-11T09:17:13Z,33.641570,-117.833454,25.400000,26.000000,0.000000,0.000000
2013-06-11T09:17:28Z,33.641569,-117.833450,25.100000,24.000000,0.000000,0.000000
2013-06-11T09:17:43Z,33.641571,-117.833448,24.799999,17.000000,0.000000,0.000000
2013-06-11T09:17:58Z,33.641573,-117.833445,24.500000,18.000000,0.000000,0.000000
2013-06-11T09:18:14Z,33.641572,-117.833444,24.700001,24.000000,0.000000,0.000000
2013-06-11T09:18:30Z,33.641571,-117.833443,24.700001,30.000000,0.000000,0.000000
2013-06-11T09:18:46Z,33.641573,-117.833438,24.600000,24.000000,0.000000,0.000000
2013-06-11T09:19:01Z,33.641577,-117.833432,24.500000,20.000000,0.000000,0.000000
2013-06-11T09:19:15Z,33.641578,-117.833429,24.600000,19.000000,0.000000,0.000000
2013-06-11T09:19:31Z,33.641577,-117.833430,24.700001,23.000000,0.000000,0.000000
2013-06-11T09:19:47Z,33.641576,-117.833431,24.700001,27.000000,0.000000,0.000000
2013-06-11T09:20:03Z,33.641578,-117.833428,24.600000,31.000000,0.000000,0.000000
2013-06-11T09:20:18Z,33.641578,-117.833427,24.600000,19.000000,0.000000,0.000000
2013-06-11T09:20:33Z,33.641581,-117.833423,24.600000,19.000000,0.000000,0.000000
2013-06-11T09:20:49Z,33.641577,-117.833424,25.000000,22.000000,0.000000,0.000000
2013-06-11T09:21:04Z,33.641576,-117.833424,25.100000,22.000000,0.000000,0.000000
2013-06-11T09:21:20Z,33.641577,-117.833425,25.100000,23.000000,0.000000,0.000000
2013-06-11T09:21:40Z,33.641578,-117.833425,25.200001,49.000000,0.000000,0.000000
2013-06-11T09:21:57Z,33.641578,-117.833425,25.200001,39.000000,0.000000,0.000000
2013-06-11T09:22:13Z,33.641578,-117.833425,25.200001,35.000000,0.000000,0.000000
2013-06-11T09:22:30Z,33.641578,-117.833425,25.299999,30.000000,0.000000,0.000000
2013-06-11T09:23:41Z,33.641578,-117.833425,25.299999,111.000000,0.000000,0.000000
2013-06-11T09:23:58Z,33.641576,-117.833425,24.900000,34.000000,0.000000,0.000000
2013-06-11T09:25:34Z,33.641575,-117.833426,24.900000,57.000000,0.000000,0.000000
2013-06-11T09:26:05Z,33.641580,-117.833427,25.299999,59.000000,0.000000,0.000000
2013-06-11T09:27:25Z,33.641580,-117.833427,25.299999,128.000000,0.000000,0.000000
2013-06-11T09:27:41Z,33.641580,-117.833427,25.400000,34.000000,0.000000,0.000000
2013-06-11T09:29:39Z,33.641580,-117.833427,25.400000,206.000000,0.000000,0.000000
2013-06-11T09:30:00Z,33.641580,-117.833427,25.400000,45.000000,0.000000,0.000000
2013-06-11T09:30:17Z,33.641579,-117.833427,25.600000,32.000000,0.000000,0.000000
2013-06-11T09:30:36Z,33.641577,-117.833426,26.100000,45.000000,0.000000,0.000000
2013-06-11T09:30:53Z,33.641576,-117.833425,26.400000,31.000000,0.000000,0.000000
2013-06-11T09:31:11Z,33.641576,-117.833425,26.400000,40.000000,0.000000,0.000000
2013-06-11T09:31:29Z,33.641576,-117.833426,26.400000,31.000000,0.000000,0.000000
2013-06-11T09:31:46Z,33.641576,-117.833426,26.400000,40.000000,0.000000,0.000000
2013-06-11T09:32:02Z,33.641576,-117.833426,26.400000,33.000000,0.000000,0.000000
2013-06-11T09:32:19Z,33.641576,-117.833426,26.299999,25.000000,0.000000,0.000000
2013-06-11T09:32:35Z,33.641577,-117.833427,26.500000,23.000000,0.000000,0.000000
2013-06-11T09:32:52Z,33.641580,-117.833427,26.700001,28.000000,0.000000,0.000000
2013-06-11T09:33:09Z,33.641581,-117.833428,26.799999,33.000000,0.000000,0.000000
2013-06-11T09:33:24Z,33.641582,-117.833428,26.799999,30.000000,0.000000,0.000000
2013-06-11T09:33:40Z,33.641584,-117.833429,27.200001,21.000000,0.000000,0.000000
2013-06-11T09:33:55Z,33.641594,-117.833429,28.700001,24.000000,0.000000,0.000000
2013-06-11T09:34:10Z,33.641598,-117.833429,28.700001,20.000000,0.000000,0.000000
2013-06-11T09:34:26Z,33.641598,-117.833429,28.700001,21.000000,0.000000,0.000000
2013-06-11T09:34:41Z,33.641598,-117.833429,28.700001,27.000000,0.000000,0.000000
2013-06-11T09:34:57Z,33.641597,-117.833428,28.600000,25.000000,0.000000,0.000000
2013-06-11T09:35:12Z,33.641597,-117.833428,28.700001,18.000000,0.000000,0.000000
2013-06-11T09:35:27Z,33.641595,-117.833429,28.500000,30.000000,0.000000,0.000000
2013-06-11T09:35:43Z,33.641596,-117.833429,28.600000,20.000000,0.000000,0.000000
2013-06-11T09:35:58Z,33.641596,-117.833429,28.600000,21.000000,0.000000,0.000000
2013-06-11T09:36:13Z,33.641597,-117.833428,28.600000,19.000000,0.000000,0.000000
2013-06-11T09:36:29Z,33.641597,-117.833427,28.600000,22.000000,0.000000,0.000000
2013-06-11T09:36:44Z,33.641598,-117.833427,28.700001,21.000000,0.000000,0.000000
2013-06-11T09:36:59Z,33.641598,-117.833426,28.600000,20.000000,0.000000,0.000000
2013-06-11T09:37:14Z,33.641598,-117.833426,28.600000,19.000000,0.000000,0.000000
2013-06-11T09:37:29Z,33.641596,-117.833426,28.400000,18.000000,0.000000,0.000000
2013-06-11T09:37:44Z,33.641595,-117.833425,28.400000,30.000000,0.000000,0.000000
2013-06-11T09:38:01Z,33.641595,-117.833425,28.400000,30.000000,0.000000,0.000000
2013-06-11T09:38:18Z,33.641594,-117.833425,28.400000,45.000000,0.000000,0.000000
2013-06-11T09:38:36Z,33.641594,-117.833425,28.299999,49.000000,0.000000,0.000000
2013-06-11T09:38:52Z,33.641594,-117.833425,28.299999,32.000000,0.000000,0.000000
2013-06-11T09:39:09Z,33.641594,-117.833425,28.299999,48.000000,0.000000,0.000000
2013-06-11T09:39:24Z,33.641595,-117.833425,28.400000,31.000000,0.000000,0.000000
2013-06-11T09:39:40Z,33.641595,-117.833425,28.400000,24.000000,0.000000,0.000000
2013-06-11T09:39:55Z,33.641595,-117.833425,28.400000,26.000000,0.000000,0.000000
2013-06-11T09:40:10Z,33.641596,-117.833425,28.400000,26.000000,0.000000,0.000000
2013-06-11T09:40:26Z,33.641595,-117.833426,28.900000,40.000000,0.000000,0.000000
2013-06-11T09:41:10Z,33.641594,-117.833426,28.900000,78.000000,0.000000,0.000000
2013-06-11T09:41:29Z,33.641594,-117.833426,28.900000,40.000000,0.000000,0.000000
2013-06-11T09:42:15Z,33.641594,-117.833426,28.900000,87.000000,0.000000,0.000000
2013-06-11T09:42:36Z,33.641594,-117.833426,28.900000,48.000000,0.000000,0.000000
2013-06-11T09:42:57Z,33.641594,-117.833426,28.900000,46.000000,0.000000,0.000000
2013-06-11T09:43:18Z,33.641594,-117.833426,28.900000,43.000000,0.000000,0.000000
2013-06-11T09:43:35Z,33.641594,-117.833426,28.900000,33.000000,0.000000,0.000000
2013-06-11T09:43:52Z,33.641593,-117.833425,29.000000,27.000000,0.000000,0.000000
2013-06-11T09:44:08Z,33.641592,-117.833426,29.299999,27.000000,0.000000,0.000000
2013-06-11T09:44:25Z,33.641591,-117.833426,29.200001,26.000000,0.000000,0.000000
2013-06-11T09:44:55Z,33.641590,-117.833426,29.200001,50.000000,0.000000,0.000000
2013-06-11T09:45:13Z,33.641592,-117.833426,29.299999,40.000000,0.000000,0.000000
2013-06-11T09:45:58Z,33.641592,-117.833426,29.299999,88.000000,0.000000,0.000000
2013-06-11T09:46:15Z,33.641591,-117.833425,29.400000,31.000000,0.000000,0.000000
2013-06-11T09:46:32Z,33.641590,-117.833424,29.400000,33.000000,0.000000,0.000000
2013-06-11T09:46:47Z,33.641590,-117.833423,29.600000,29.000000,0.000000,0.000000
2013-06-11T09:47:04Z,33.641591,-117.833424,29.700001,26.000000,0.000000,0.000000
2013-06-11T09:47:23Z,33.641591,-117.833424,29.700001,41.000000,0.000000,0.000000
2013-06-11T09:47:54Z,33.641591,-117.833423,29.600000,32.000000,0.000000,0.000000
2013-06-11T09:49:03Z,33.641591,-117.833423,29.299999,67.000000,0.000000,0.000000
2013-06-11T09:50:35Z,33.641591,-117.833423,29.000000,36.000000,0.000000,0.000000
2013-06-11T09:50:51Z,33.641590,-117.833423,29.000000,23.000000,0.000000,0.000000
2013-06-11T09:51:06Z,33.641590,-117.833422,28.500000,18.000000,0.000000,0.000000
2013-06-11T09:51:21Z,33.641590,-117.833422,28.600000,24.000000,0.000000,0.000000
2013-06-11T09:51:39Z,33.641590,-117.833422,28.600000,39.000000,0.000000,0.000000
2013-06-11T09:51:56Z,33.641589,-117.833423,28.400000,33.000000,0.000000,0.000000
2013-06-11T09:52:11Z,33.641588,-117.833423,28.299999,26.000000,0.000000,0.000000
2013-06-11T09:52:26Z,33.641586,-117.833422,28.100000,23.000000,0.000000,0.000000
2013-06-11T09:52:41Z,33.641585,-117.833423,28.100000,20.000000,0.000000,0.000000
2013-06-11T09:52:56Z,33.641584,-117.833423,28.200001,14.000000,0.000000,0.000000
2013-06-11T09:53:11Z,33.641586,-117.833424,28.100000,19.000000,0.000000,0.000000
2013-06-11T09:53:27Z,33.641586,-117.833423,27.600000,27.000000,0.000000,0.000000
2013-06-11T09:53:43Z,33.641585,-117.833423,27.200001,24.000000,0.000000,0.000000
2013-06-11T09:54:01Z,33.641585,-117.833422,27.100000,39.000000,0.000000,0.000000
2013-06-11T09:55:28Z,33.641585,-117.833422,27.100000,94.000000,0.000000,0.000000
2013-06-11T09:55:46Z,33.641585,-117.833422,27.100000,36.000000,0.000000,0.000000
2013-06-11T09:56:03Z,33.641585,-117.833422,27.100000,27.000000,0.000000,0.000000
2013-06-11T09:56:19Z,33.641585,-117.833422,27.000000,27.000000,0.000000,0.000000
2013-06-11T09:57:27Z,33.641585,-117.833422,27.000000,125.000000,0.000000,0.000000
2013-06-11T09:57:43Z,33.641585,-117.833423,27.000000,29.000000,0.000000,0.000000
2013-06-11T09:59:03Z,33.641585,-117.833423,26.900000,29.000000,0.000000,0.000000
2013-06-11T09:59:19Z,33.641584,-117.833424,26.600000,25.000000,0.000000,0.000000
2013-06-11T09:59:34Z,33.641582,-117.833426,26.299999,25.000000,0.000000,0.000000
2013-06-11T09:59:49Z,33.641581,-117.833426,26.299999,26.000000,0.000000,0.000000
2013-06-11T10:00:05Z,33.641580,-117.833426,26.299999,25.000000,0.000000,0.000000
2013-06-11T10:00:20Z,33.641579,-117.833427,26.400000,26.000000,0.000000,0.000000
2013-06-11T10:00:37Z,33.641579,-117.833427,26.400000,34.000000,0.000000,0.000000
2013-06-11T10:00:53Z,33.641581,-117.833429,26.299999,38.000000,0.000000,0.000000
2013-06-11T10:01:10Z,33.641582,-117.833431,26.200001,40.000000,0.000000,0.000000
2013-06-11T10:01:27Z,33.641581,-117.833432,26.100000,28.000000,0.000000,0.000000
2013-06-11T10:01:42Z,33.641581,-117.833432,26.000000,24.000000,0.000000,0.000000
2013-06-11T10:01:58Z,33.641581,-117.833432,26.100000,29.000000,0.000000,0.000000
2013-06-11T10:02:14Z,33.641582,-117.833432,26.100000,28.000000,0.000000,0.000000
2013-06-11T10:02:31Z,33.641583,-117.833432,26.100000,38.000000,0.000000,0.000000
2013-06-11T10:02:47Z,33.641582,-117.833432,26.100000,26.000000,0.000000,0.000000
2013-06-11T10:03:05Z,33.641582,-117.833432,26.100000,45.000000,0.000000,0.000000
2013-06-11T10:03:47Z,33.641582,-117.833432,26.100000,74.000000,0.000000,0.000000
2013-06-11T10:04:04Z,33.641582,-117.833432,26.200001,27.000000,0.000000,0.000000
2013-06-11T10:04:45Z,33.641582,-117.833432,26.200001,80.000000,0.000000,0.000000
2013-06-11T10:05:07Z,33.641582,-117.833432,26.200001,45.000000,0.000000,0.000000
2013-06-11T10:05:29Z,33.641582,-117.833432,26.200001,48.000000,0.000000,0.000000
2013-06-11T10:05:46Z,33.641582,-117.833432,26.299999,32.000000,0.000000,0.000000
2013-06-11T10:07:22Z,33.641581,-117.833432,26.100000,40.000000,0.000000,0.000000
2013-06-11T10:07:39Z,33.641580,-117.833432,26.100000,27.000000,0.000000,0.000000
2013-06-11T10:07:56Z,33.641580,-117.833432,26.100000,28.000000,0.000000,0.000000
2013-06-11T10:08:12Z,33.641580,-117.833432,26.100000,34.000000,0.000000,0.000000
2013-06-11T10:08:29Z,33.641580,-117.833432,26.100000,28.000000,0.000000,0.000000
2013-06-11T10:08:47Z,33.641580,-117.833432,26.100000,37.000000,0.000000,0.000000
2013-06-11T10:10:30Z,33.641581,-117.833432,26.100000,31.000000,0.000000,0.000000
2013-06-11T10:10:46Z,33.641581,-117.833432,26.200001,23.000000,0.000000,0.000000
2013-06-11T10:11:02Z,33.641581,-117.833432,26.200001,23.000000,0.000000,0.000000
2013-06-11T10:11:17Z,33.641582,-117.833432,26.200001,19.000000,0.000000,0.000000
2013-06-11T10:11:32Z,33.641581,-117.833432,26.200001,30.000000,0.000000,0.000000
2013-06-11T10:13:13Z,33.641581,-117.833432,26.200001,35.000000,0.000000,0.000000
2013-06-11T10:14:48Z,33.641580,-117.833432,26.100000,31.000000,0.000000,0.000000
2013-06-11T10:15:05Z,33.641580,-117.833432,26.100000,37.000000,0.000000,0.000000
2013-06-11T10:15:21Z,33.641580,-117.833431,26.200001,30.000000,0.000000,0.000000
2013-06-11T10:15:39Z,33.641581,-117.833431,26.200001,30.000000,0.000000,0.000000
2013-06-11T10:15:57Z,33.641581,-117.833431,26.200001,32.000000,0.000000,0.000000
2013-06-11T10:16:56Z,33.641581,-117.833431,26.200001,104.000000,0.000000,0.000000
2013-06-11T10:17:12Z,33.641581,-117.833431,26.299999,39.000000,0.000000,0.000000
2013-06-11T10:17:27Z,33.641581,-117.833431,26.200001,30.000000,0.000000,0.000000
2013-06-11T10:17:42Z,33.641581,-117.833431,26.200001,23.000000,0.000000,0.000000
2013-06-11T10:17:58Z,33.641582,-117.833431,26.299999,26.000000,0.000000,0.000000
2013-06-11T10:18:13Z,33.641582,-117.833430,26.299999,33.000000,0.000000,0.000000
2013-06-11T10:18:29Z,33.641582,-117.833430,26.299999,27.000000,0.000000,0.000000
2013-06-11T10:20:10Z,33.641583,-117.833430,26.500000,38.000000,0.000000,0.000000
2013-06-11T10:20:26Z,33.641584,-117.833430,26.500000,31.000000,0.000000,0.000000
2013-06-11T10:20:43Z,33.641584,-117.833431,26.500000,38.000000,0.000000,0.000000
2013-06-11T10:21:23Z,33.641584,-117.833431,26.500000,82.000000,0.000000,0.000000
2013-06-11T10:21:43Z,33.641584,-117.833431,26.400000,46.000000,0.000000,0.000000
2013-06-11T10:22:00Z,33.641584,-117.833431,26.400000,38.000000,0.000000,0.000000
2013-06-11T10:23:18Z,33.641584,-117.833431,26.400000,115.000000,0.000000,0.000000
2013-06-11T10:23:36Z,33.641584,-117.833431,26.400000,41.000000,0.000000,0.000000
2013-06-11T10:23:52Z,33.641583,-117.833431,26.299999,37.000000,0.000000,0.000000
2013-06-11T10:24:09Z,33.641583,-117.833431,26.299999,42.000000,0.000000,0.000000
2013-06-11T10:24:25Z,33.641582,-117.833431,26.299999,31.000000,0.000000,0.000000
2013-06-11T10:24:42Z,33.641582,-117.833431,26.299999,27.000000,0.000000,0.000000
2013-06-11T10:24:59Z,33.641584,-117.833431,26.500000,37.000000,0.000000,0.000000
2013-06-11T10:27:16Z,33.641585,-117.833431,26.500000,234.000000,0.000000,0.000000
2013-06-11T10:27:43Z,33.641585,-117.833431,26.500000,48.000000,0.000000,0.000000
2013-06-11T10:28:03Z,33.641585,-117.833431,26.500000,41.000000,0.000000,0.000000
2013-06-11T10:28:28Z,33.641585,-117.833431,26.400000,51.000000,0.000000,0.000000
2013-06-11T10:28:45Z,33.641585,-117.833431,26.400000,47.000000,0.000000,0.000000
2013-06-11T10:29:02Z,33.641585,-117.833431,26.600000,35.000000,0.000000,0.000000
2013-06-11T10:29:19Z,33.641585,-117.833431,26.600000,31.000000,0.000000,0.000000
2013-06-11T10:29:59Z,33.641585,-117.833431,26.600000,81.000000,0.000000,0.000000
2013-06-11T10:30:20Z,33.641585,-117.833431,26.600000,42.000000,0.000000,0.000000
2013-06-11T10:30:38Z,33.641583,-117.833431,26.400000,46.000000,0.000000,0.000000
2013-06-11T10:30:54Z,33.641581,-117.833430,26.200001,35.000000,0.000000,0.000000
2013-06-11T10:32:34Z,33.641579,-117.833430,26.000000,37.000000,0.000000,0.000000
2013-06-11T10:32:50Z,33.641579,-117.833430,26.000000,33.000000,0.000000,0.000000
2013-06-11T10:33:05Z,33.641579,-117.833430,26.100000,30.000000,0.000000,0.000000
2013-06-11T10:33:22Z,33.641578,-117.833430,25.900000,41.000000,0.000000,0.000000
2013-06-11T10:33:37Z,33.641578,-117.833430,25.900000,29.000000,0.000000,0.000000
2013-06-11T10:33:54Z,33.641576,-117.833430,25.799999,47.000000,0.000000,0.000000
2013-06-11T10:34:09Z,33.641574,-117.833430,25.600000,25.000000,0.000000,0.000000
2013-06-11T10:34:25Z,33.641571,-117.833430,25.299999,30.000000,0.000000,0.000000
2013-06-11T10:34:40Z,33.641570,-117.833430,25.400000,27.000000,0.000000,0.000000
2013-06-11T10:34:55Z,33.641570,-117.833430,25.299999,18.000000,0.000000,0.000000
2013-06-11T10:35:11Z,33.641569,-117.833430,25.200001,19.000000,0.000000,0.000000
2013-06-11T10:35:28Z,33.641568,-117.833430,25.200001,36.000000,0.000000,0.000000
2013-06-11T10:35:45Z,33.641568,-117.833430,25.200001,36.000000,0.000000,0.000000
2013-06-11T10:36:01Z,33.641568,-117.833430,25.200001,36.000000,0.000000,0.000000
2013-06-11T10:36:16Z,33.641568,-117.833430,25.200001,27.000000,0.000000,0.000000
2013-06-11T10:36:30Z,33.641568,-117.833430,25.200001,27.000000,0.000000,0.000000
2013-06-11T10:36:46Z,33.641568,-117.833430,25.200001,31.000000,0.000000,0.000000
2013-06-11T10:37:04Z,33.641568,-117.833430,25.200001,38.000000,0.000000,0.000000
2013-06-11T10:37:21Z,33.641568,-117.833430,25.200001,40.000000,0.000000,0.000000
2013-06-11T10:37:38Z,33.641568,-117.833430,25.200001,43.000000,0.000000,0.000000
2013-06-11T10:37:54Z,33.641568,-117.833430,25.200001,35.000000,0.000000,0.000000
2013-06-11T10:38:11Z,33.641568,-117.833430,25.200001,40.000000,0.000000,0.000000
2013-06-11T10:38:28Z,33.641569,-117.833430,25.299999,45.000000,0.000000,0.000000
2013-06-11T10:38:47Z,33.641569,-117.833430,25.299999,46.000000,0.000000,0.000000
2013-06-11T10:39:13Z,33.641568,-117.833430,25.200001,54.000000,0.000000,0.000000
2013-06-11T10:41:24Z,33.641568,-117.833430,25.200001,217.000000,0.000000,0.000000
2013-06-11T10:41:47Z,33.641568,-117.833430,25.200001,48.000000,0.000000,0.000000
2013-06-11T10:42:04Z,33.641568,-117.833430,25.200001,34.000000,0.000000,0.000000
2013-06-11T10:42:20Z,33.641568,-117.833430,25.200001,30.000000,0.000000,0.000000
2013-06-11T10:42:36Z,33.641568,-117.833430,25.200001,30.000000,0.000000,0.000000
2013-06-11T10:42:52Z,33.641568,-117.833430,25.200001,24.000000,0.000000,0.000000
2013-06-11T10:43:08Z,33.641567,-117.833430,25.200001,28.000000,0.000000,0.000000
2013-06-11T10:43:23Z,33.641567,-117.833430,25.200001,28.000000,0.000000,0.000000
2013-06-11T10:43:39Z,33.641567,-117.833430,25.200001,25.000000,0.000000,0.000000
2013-06-11T10:43:53Z,33.641568,-117.833430,25.299999,30.000000,0.000000,0.000000
2013-06-11T10:44:08Z,33.641567,-117.833430,25.200001,25.000000,0.000000,0.000000
2013-06-11T10:44:23Z,33.641567,-117.833430,25.200001,19.000000,0.000000,0.000000
2013-06-11T10:44:38Z,33.641567,-117.833431,25.200001,20.000000,0.000000,0.000000
2013-06-11T10:44:53Z,33.641567,-117.833431,25.200001,22.000000,0.000000,0.000000
2013-06-11T10:45:08Z,33.641567,-117.833431,25.200001,29.000000,0.000000,0.000000
2013-06-11T10:45:24Z,33.641567,-117.833431,25.200001,17.000000,0.000000,0.000000
2013-06-11T10:45:39Z,33.641566,-117.833431,25.100000,30.000000,0.000000,0.000000
2013-06-11T10:45:55Z,33.641566,-117.833430,25.100000,30.000000,0.000000,0.000000
2013-06-11T10:46:12Z,33.641566,-117.833431,25.100000,28.000000,0.000000,0.000000
2013-06-11T10:46:29Z,33.641566,-117.833431,25.100000,29.000000,0.000000,0.000000
2013-06-11T10:46:45Z,33.641566,-117.833431,25.100000,36.000000,0.000000,0.000000
2013-06-11T10:47:03Z,33.641566,-117.833431,25.100000,45.000000,0.000000,0.000000
2013-06-11T10:47:21Z,33.641566,-117.833431,25.100000,47.000000,0.000000,0.000000
2013-06-11T10:47:48Z,33.641566,-117.833431,25.200001,46.000000,0.000000,0.000000
2013-06-11T10:49:29Z,33.641566,-117.833430,25.100000,41.000000,0.000000,0.000000
2013-06-11T10:49:46Z,33.641566,-117.833430,25.100000,38.000000,0.000000,0.000000
2013-06-11T10:50:04Z,33.641566,-117.833430,25.100000,49.000000,0.000000,0.000000
2013-06-11T10:50:22Z,33.641566,-117.833430,25.100000,44.000000,0.000000,0.000000
2013-06-11T10:50:44Z,33.641566,-117.833430,25.100000,49.000000,0.000000,0.000000
2013-06-11T10:51:01Z,33.641566,-117.833430,25.100000,36.000000,0.000000,0.000000
2013-06-11T10:51:20Z,33.641566,-117.833430,25.100000,36.000000,0.000000,0.000000
2013-06-11T10:52:33Z,33.641566,-117.833430,25.100000,123.000000,0.000000,0.000000
2013-06-11T10:52:49Z,33.641567,-117.833430,25.299999,23.000000,0.000000,0.000000
2013-06-11T10:54:35Z,33.641569,-117.833431,25.500000,43.000000,0.000000,0.000000
2013-06-11T10:54:53Z,33.641569,-117.833431,25.500000,39.000000,0.000000,0.000000
2013-06-11T10:55:11Z,33.641569,-117.833431,25.500000,48.000000,0.000000,0.000000
2013-06-11T10:55:28Z,33.641569,-117.833431,25.500000,44.000000,0.000000,0.000000
2013-06-11T10:55:44Z,33.641569,-117.833432,25.700001,25.000000,0.000000,0.000000
2013-06-11T10:56:00Z,33.641570,-117.833432,25.900000,20.000000,0.000000,0.000000
2013-06-11T10:56:15Z,33.641571,-117.833432,26.000000,17.000000,0.000000,0.000000
2013-06-11T10:56:30Z,33.641571,-117.833432,26.000000,15.000000,0.000000,0.000000
2013-06-11T10:56:45Z,33.641572,-117.833432,26.000000,18.000000,0.000000,0.000000
2013-06-11T10:56:59Z,33.641572,-117.833432,26.000000,15.000000,0.000000,0.000000
2013-06-11T10:57:13Z,33.641572,-117.833432,26.100000,19.000000,0.000000,0.000000
2013-06-11T10:57:28Z,33.641573,-117.833432,26.200001,17.000000,0.000000,0.000000
2013-06-11T10:57:43Z,33.641573,-117.833432,26.200001,26.000000,0.000000,0.000000
2013-06-11T10:57:59Z,33.641572,-117.833432,26.100000,22.000000,0.000000,0.000000
2013-06-11T10:58:14Z,33.641572,-117.833432,26.100000,30.000000,0.000000,0.000000
2013-06-11T10:58:30Z,33.641572,-117.833432,26.100000,34.000000,0.000000,0.000000
2013-06-11T10:58:47Z,33.641571,-117.833432,25.799999,31.000000,0.000000,0.000000
2013-06-11T10:59:03Z,33.641571,-117.833433,26.000000,27.000000,0.000000,0.000000
2013-06-11T10:59:18Z,33.641571,-117.833433,26.100000,27.000000,0.000000,0.000000
2013-06-11T10:59:34Z,33.641571,-117.833433,26.100000,30.000000,0.000000,0.000000
2013-06-11T10:59:49Z,33.641572,-117.833432,26.299999,20.000000,0.000000,0.000000
2013-06-11T11:00:04Z,33.641572,-117.833432,26.200001,15.000000,0.000000,0.000000
2013-06-11T11:00:19Z,33.641573,-117.833432,26.299999,19.000000,0.000000,0.000000
2013-06-11T11:00:33Z,33.641573,-117.833433,26.299999,18.000000,0.000000,0.000000
2013-06-11T11:00:47Z,33.641572,-117.833432,26.200001,20.000000,0.000000,0.000000
2013-06-11T11:01:02Z,33.641573,-117.833432,26.400000,18.000000,0.000000,0.000000
2013-06-11T11:01:16Z,33.641573,-117.833432,26.400000,17.000000,0.000000,0.000000
2013-06-11T11:01:31Z,33.641573,-117.833432,26.400000,21.000000,0.000000,0.000000
2013-06-11T11:01:47Z,33.641573,-117.833432,26.400000,22.000000,0.000000,0.000000
2013-06-11T11:02:02Z,33.641573,-117.833432,26.200001,17.000000,0.000000,0.000000
2013-06-11T11:02:17Z,33.641572,-117.833432,26.200001,24.000000,0.000000,0.000000
2013-06-11T11:02:33Z,33.641572,-117.833432,26.200001,30.000000,0.000000,0.000000
2013-06-11T11:02:48Z,33.641572,-117.833432,26.200001,24.000000,0.000000,0.000000
2013-06-11T11:03:04Z,33.641572,-117.833432,26.200001,21.000000,0.000000,0.000000
2013-06-11T11:03:19Z,33.641572,-117.833432,26.200001,30.000000,0.000000,0.000000
2013-06-11T11:03:35Z,33.641572,-117.833432,26.299999,36.000000,0.000000,0.000000
2013-06-11T11:03:52Z,33.641573,-117.833432,26.500000,24.000000,0.000000,0.000000
2013-06-11T11:04:07Z,33.641574,-117.833431,26.600000,27.000000,0.000000,0.000000
2013-06-11T11:04:23Z,33.641575,-117.833431,26.600000,30.000000,0.000000,0.000000
2013-06-11T11:04:39Z,33.641575,-117.833431,26.700001,30.000000,0.000000,0.000000
2013-06-11T11:04:57Z,33.641575,-117.833431,26.700001,36.000000,0.000000,0.000000
2013-06-11T11:05:15Z,33.641575,-117.833431,26.700001,42.000000,0.000000,0.000000
2013-06-11T11:05:35Z,33.641575,-117.833431,26.700001,43.000000,0.000000,0.000000
2013-06-11T11:05:53Z,33.641575,-117.833431,26.700001,45.000000,0.000000,0.000000
2013-06-11T11:06:14Z,33.641575,-117.833431,26.700001,40.000000,0.000000,0.000000
2013-06-11T11:06:30Z,33.641575,-117.833431,26.700001,35.000000,0.000000,0.000000
2013-06-11T11:06:45Z,33.641575,-117.833431,26.799999,26.000000,0.000000,0.000000
2013-06-11T11:07:01Z,33.641576,-117.833431,26.799999,18.000000,0.000000,0.000000
2013-06-11T11:07:17Z,33.641575,-117.833431,26.900000,17.000000,0.000000,0.000000
2013-06-11T11:07:32Z,33.641575,-117.833431,26.900000,23.000000,0.000000,0.000000
2013-06-11T11:07:47Z,33.641575,-117.833431,26.900000,23.000000,0.000000,0.000000
2013-06-11T11:08:03Z,33.641575,-117.833431,26.799999,16.000000,0.000000,0.000000
2013-06-11T11:08:18Z,33.641575,-117.833432,26.799999,20.000000,0.000000,0.000000
2013-06-11T11:08:34Z,33.641573,-117.833431,26.700001,16.000000,0.000000,0.000000
2013-06-11T11:08:49Z,33.641572,-117.833430,26.500000,22.000000,0.000000,0.000000
2013-06-11T11:09:04Z,33.641570,-117.833430,26.400000,19.000000,0.000000,0.000000
2013-06-11T11:09:20Z,33.641570,-117.833430,26.400000,16.000000,0.000000,0.000000
2013-06-11T11:09:34Z,33.641569,-117.833430,26.299999,20.000000,0.000000,0.000000
2013-06-11T11:09:49Z,33.641567,-117.833430,26.000000,23.000000,0.000000,0.000000
2013-06-11T11:10:04Z,33.641566,-117.833430,26.000000,19.000000,0.000000,0.000000
2013-06-11T11:10:19Z,33.641565,-117.833431,26.000000,18.000000,0.000000,0.000000
2013-06-11T11:10:33Z,33.641564,-117.833431,25.900000,18.000000,0.000000,0.000000
2013-06-11T11:10:47Z,33.641564,-117.833431,25.900000,18.000000,0.000000,0.000000
2013-06-11T11:11:02Z,33.641564,-117.833431,26.000000,15.000000,0.000000,0.000000
2013-06-11T11:11:17Z,33.641564,-117.833431,26.000000,24.000000,0.000000,0.000000
2013-06-11T11:11:33Z,33.641564,-117.833432,25.900000,18.000000,0.000000,0.000000
2013-06-11T11:11:48Z,33.641563,-117.833432,25.900000,27.000000,0.000000,0.000000
2013-06-11T11:12:05Z,33.641564,-117.833432,26.000000,23.000000,0.000000,0.000000
2013-06-11T11:12:21Z,33.641565,-117.833432,26.000000,27.000000,0.000000,0.000000
2013-06-11T11:12:54Z,33.641565,-117.833432,26.000000,69.000000,0.000000,0.000000
2013-06-11T11:13:14Z,33.641565,-117.833432,26.000000,41.000000,0.000000,0.000000
2013-06-11T11:13:33Z,33.641565,-117.833432,26.000000,46.000000,0.000000,0.000000
2013-06-11T11:13:50Z,33.641565,-117.833432,26.100000,36.000000,0.000000,0.000000
2013-06-11T11:14:06Z,33.641565,-117.833432,26.100000,36.000000,0.000000,0.000000
2013-06-11T11:14:25Z,33.641565,-117.833432,26.100000,49.000000,0.000000,0.000000
2013-06-11T11:14:41Z,33.641565,-117.833432,26.100000,40.000000,0.000000,0.000000
2013-06-11T11:14:57Z,33.641566,-117.833432,26.100000,36.000000,0.000000,0.000000
2013-06-11T11:15:12Z,33.641566,-117.833432,26.100000,29.000000,0.000000,0.000000
2013-06-11T11:15:27Z,33.641566,-117.833432,26.200001,22.000000,0.000000,0.000000
2013-06-11T11:15:43Z,33.641566,-117.833432,26.200001,29.000000,0.000000,0.000000
2013-06-11T11:15:59Z,33.641566,-117.833432,26.200001,27.000000,0.000000,0.000000
2013-06-11T11:16:14Z,33.641566,-117.833432,26.200001,28.000000,0.000000,0.000000
2013-06-11T11:16:29Z,33.641565,-117.833432,26.200001,29.000000,0.000000,0.000000
2013-06-11T11:18:09Z,33.641565,-117.833432,26.299999,37.000000,0.000000,0.000000
2013-06-11T11:18:26Z,33.641565,-117.833431,26.299999,34.000000,0.000000,0.000000
2013-06-11T11:18:43Z,33.641565,-117.833432,26.299999,36.000000,0.000000,0.000000
2013-06-11T11:19:00Z,33.641565,-117.833431,26.299999,33.000000,0.000000,0.000000
2013-06-11T11:19:16Z,33.641565,-117.833431,26.299999,32.000000,0.000000,0.000000
2013-06-11T11:19:33Z,33.641565,-117.833431,26.299999,29.000000,0.000000,0.000000
2013-06-11T11:19:51Z,33.641565,-117.833431,26.299999,49.000000,0.000000,0.000000
2013-06-11T11:20:09Z,33.641565,-117.833431,26.299999,46.000000,0.000000,0.000000
2013-06-11T11:20:25Z,33.641565,-117.833431,26.299999,34.000000,0.000000,0.000000
2013-06-11T11:20:45Z,33.641565,-117.833431,26.400000,43.000000,0.000000,0.000000
2013-06-11T11:21:01Z,33.641565,-117.833431,26.400000,26.000000,0.000000,0.000000
2013-06-11T11:21:17Z,33.641565,-117.833431,26.400000,39.000000,0.000000,0.000000
2013-06-11T11:21:34Z,33.641565,-117.833431,26.400000,33.000000,0.000000,0.000000
2013-06-11T11:21:51Z,33.641565,-117.833431,26.500000,31.000000,0.000000,0.000000
2013-06-11T11:22:09Z,33.641565,-117.833431,26.500000,39.000000,0.000000,0.000000
2013-06-11T11:22:28Z,33.641565,-117.833431,26.500000,47.000000,0.000000,0.000000
2013-06-11T11:22:45Z,33.641565,-117.833431,26.500000,26.000000,0.000000,0.000000
2013-06-11T11:24:41Z,33.641565,-117.833431,26.500000,37.000000,0.000000,0.000000
2013-06-11T11:24:58Z,33.641565,-117.833431,26.400000,38.000000,0.000000,0.000000
2013-06-11T11:25:21Z,33.641565,-117.833431,26.400000,43.000000,0.000000,0.000000
2013-06-11T11:25:40Z,33.641565,-117.833431,26.400000,40.000000,0.000000,0.000000
2013-06-11T11:25:57Z,33.641565,-117.833431,26.400000,38.000000,0.000000,0.000000
2013-06-11T11:26:14Z,33.641565,-117.833431,26.400000,33.000000,0.000000,0.000000
2013-06-11T11:26:49Z,33.641565,-117.833431,26.400000,74.000000,0.000000,0.000000
2013-06-11T11:27:08Z,33.641566,-117.833431,26.400000,49.000000,0.000000,0.000000
2013-06-11T11:27:25Z,33.641566,-117.833431,26.400000,30.000000,0.000000,0.000000
2013-06-11T11:27:55Z,33.641566,-117.833431,26.400000,59.000000,0.000000,0.000000
2013-06-11T11:28:13Z,33.641566,-117.833431,26.400000,43.000000,0.000000,0.000000
2013-06-11T11:29:38Z,33.641566,-117.833431,26.400000,126.000000,0.000000,0.000000
2013-06-11T11:30:05Z,33.641566,-117.833431,26.400000,51.000000,0.000000,0.000000
2013-06-11T11:30:23Z,33.641566,-117.833431,26.400000,43.000000,0.000000,0.000000
2013-06-11T11:30:40Z,33.641566,-117.833430,26.400000,39.000000,0.000000,0.000000
2013-06-11T11:30:59Z,33.641566,-117.833430,26.400000,46.000000,0.000000,0.000000
2013-06-11T11:31:18Z,33.641566,-117.833430,26.500000,42.000000,0.000000,0.000000
2013-06-11T11:31:34Z,33.641566,-117.833430,26.400000,30.000000,0.000000,0.000000
2013-06-11T11:31:51Z,33.641566,-117.833430,26.500000,32.000000,0.000000,0.000000
2013-06-11T11:33:26Z,33.641566,-117.833430,26.500000,42.000000,0.000000,0.000000
2013-06-11T11:33:44Z,33.641566,-117.833430,26.500000,42.000000,0.000000,0.000000
2013-06-11T11:34:03Z,33.641566,-117.833430,26.500000,41.000000,0.000000,0.000000
2013-06-11T11:34:38Z,33.641566,-117.833430,26.500000,70.000000,0.000000,0.000000
2013-06-11T11:34:56Z,33.641566,-117.833430,26.500000,46.000000,0.000000,0.000000
2013-06-11T11:35:13Z,33.641566,-117.833430,26.500000,42.000000,0.000000,0.000000
2013-06-11T11:35:31Z,33.641566,-117.833430,26.500000,34.000000,0.000000,0.000000
2013-06-11T11:35:56Z,33.641566,-117.833430,26.500000,54.000000,0.000000,0.000000
2013-06-11T11:36:12Z,33.641566,-117.833430,26.500000,28.000000,0.000000,0.000000
2013-06-11T11:36:28Z,33.641566,-117.833430,26.500000,25.000000,0.000000,0.000000
2013-06-11T11:36:44Z,33.641566,-117.833430,26.500000,28.000000,0.000000,0.000000
2013-06-11T11:37:01Z,33.641567,-117.833430,26.500000,34.000000,0.000000,0.000000
2013-06-11T11:37:20Z,33.641566,-117.833430,26.500000,47.000000,0.000000,0.000000
2013-06-11T11:37:37Z,33.641566,-117.833430,26.500000,33.000000,0.000000,0.000000
2013-06-11T11:39:23Z,33.641566,-117.833430,26.500000,42.000000,0.000000,0.000000
2013-06-11T11:39:42Z,33.641567,-117.833430,26.500000,47.000000,0.000000,0.000000
2013-06-11T11:40:09Z,33.641567,-117.833430,26.500000,52.000000,0.000000,0.000000
2013-06-11T11:40:27Z,33.641567,-117.833430,26.500000,39.000000,0.000000,0.000000
2013-06-11T11:40:46Z,33.641567,-117.833430,26.400000,49.000000,0.000000,0.000000
2013-06-11T11:41:05Z,33.641567,-117.833430,26.400000,45.000000,0.000000,0.000000
2013-06-11T11:42:46Z,33.641567,-117.833430,26.400000,46.000000,0.000000,0.000000
2013-06-11T11:43:37Z,33.641567,-117.833430,26.400000,99.000000,0.000000,0.000000
2013-06-11T11:44:16Z,33.641567,-117.833430,26.400000,49.000000,0.000000,0.000000
2013-06-11T11:44:38Z,33.641567,-117.833430,26.400000,45.000000,0.000000,0.000000
2013-06-11T11:44:57Z,33.641567,-117.833430,26.400000,37.000000,0.000000,0.000000
2013-06-11T11:45:23Z,33.641567,-117.833430,26.400000,45.000000,0.000000,0.000000
2013-06-11T11:45:42Z,33.641567,-117.833430,26.400000,37.000000,0.000000,0.000000
2013-06-11T11:45:59Z,33.641567,-117.833430,26.299999,32.000000,0.000000,0.000000
2013-06-11T11:46:15Z,33.641567,-117.833430,26.299999,35.000000,0.000000,0.000000
2013-06-11T11:46:33Z,33.641567,-117.833430,26.299999,38.000000,0.000000,0.000000
2013-06-11T11:46:50Z,33.641567,-117.833430,26.299999,38.000000,0.000000,0.000000
2013-06-11T11:47:07Z,33.641567,-117.833430,26.299999,38.000000,0.000000,0.000000
2013-06-11T11:47:24Z,33.641567,-117.833430,26.299999,45.000000,0.000000,0.000000
2013-06-11T11:47:45Z,33.641567,-117.833430,26.299999,45.000000,0.000000,0.000000
2013-06-11T11:48:03Z,33.641567,-117.833430,26.299999,41.000000,0.000000,0.000000
2013-06-11T11:48:22Z,33.641567,-117.833430,26.200001,47.000000,0.000000,0.000000
2013-06-11T11:48:43Z,33.641567,-117.833430,26.100000,49.000000,0.000000,0.000000
2013-06-11T11:48:59Z,33.641567,-117.833430,26.200001,30.000000,0.000000,0.000000
2013-06-11T11:49:16Z,33.641567,-117.833430,26.100000,29.000000,0.000000,0.000000
2013-06-11T11:51:40Z,33.641567,-117.833430,26.200001,38.000000,0.000000,0.000000
2013-06-11T11:52:01Z,33.641567,-117.833430,26.000000,40.000000,0.000000,0.000000
2013-06-11T11:52:19Z,33.641567,-117.833430,26.000000,46.000000,0.000000,0.000000
2013-06-11T11:53:06Z,33.641567,-117.833430,26.000000,92.000000,0.000000,0.000000
2013-06-11T11:53:23Z,33.641567,-117.833430,26.000000,35.000000,0.000000,0.000000
2013-06-11T11:54:03Z,33.641566,-117.833430,26.000000,81.000000,0.000000,0.000000
2013-06-11T11:54:20Z,33.641566,-117.833430,26.000000,43.000000,0.000000,0.000000
2013-06-11T11:54:38Z,33.641566,-117.833430,25.799999,46.000000,0.000000,0.000000
2013-06-11T11:54:55Z,33.641565,-117.833430,25.700001,31.000000,0.000000,0.000000
2013-06-11T11:55:12Z,33.641565,-117.833429,25.600000,34.000000,0.000000,0.000000
2013-06-11T11:55:28Z,33.641565,-117.833429,25.500000,35.000000,0.000000,0.000000
2013-06-11T11:55:44Z,33.641564,-117.833430,25.500000,27.000000,0.000000,0.000000
2013-06-11T11:56:00Z,33.641564,-117.833430,25.500000,28.000000,0.000000,0.000000
2013-06-11T11:56:17Z,33.641564,-117.833429,25.299999,27.000000,0.000000,0.000000
2013-06-11T11:56:33Z,33.641564,-117.833429,25.299999,38.000000,0.000000,0.000000
2013-06-11T11:56:51Z,33.641563,-117.833429,25.100000,42.000000,0.000000,0.000000
2013-06-11T11:57:08Z,33.641563,-117.833429,25.100000,33.000000,0.000000,0.000000
2013-06-11T11:57:25Z,33.641563,-117.833429,25.100000,30.000000,0.000000,0.000000
2013-06-11T11:57:42Z,33.641563,-117.833429,25.100000,39.000000,0.000000,0.000000
2013-06-11T11:57:58Z,33.641563,-117.833429,25.100000,38.000000,0.000000,0.000000
2013-06-11T11:59:13Z,33.641563,-117.833429,25.100000,124.000000,0.000000,0.000000
2013-06-11T11:59:29Z,33.641563,-117.833429,25.200001,40.000000,0.000000,0.000000
2013-06-11T12:01:05Z,33.641564,-117.833429,25.200001,31.000000,0.000000,0.000000
2013-06-11T12:01:21Z,33.641564,-117.833428,25.400000,27.000000,0.000000,0.000000
2013-06-11T12:01:37Z,33.641564,-117.833427,25.500000,23.000000,0.000000,0.000000
2013-06-11T12:01:52Z,33.641564,-117.833427,25.500000,27.000000,0.000000,0.000000
2013-06-11T12:02:09Z,33.641564,-117.833427,25.500000,22.000000,0.000000,0.000000
2013-06-11T12:02:26Z,33.641564,-117.833427,25.500000,29.000000,0.000000,0.000000
2013-06-11T12:02:43Z,33.641564,-117.833428,25.500000,47.000000,0.000000,0.000000
2013-06-11T12:03:00Z,33.641565,-117.833428,25.600000,28.000000,0.000000,0.000000
2013-06-11T12:03:17Z,33.641565,-117.833428,25.600000,31.000000,0.000000,0.000000
2013-06-11T12:03:36Z,33.641565,-117.833427,25.700001,49.000000,0.000000,0.000000
2013-06-11T12:04:25Z,33.641565,-117.833426,25.700001,48.000000,0.000000,0.000000
2013-06-11T12:04:41Z,33.641565,-117.833425,25.799999,21.000000,0.000000,0.000000
2013-06-11T12:04:57Z,33.641566,-117.833425,25.799999,28.000000,0.000000,0.000000
2013-06-11T12:05:16Z,33.641565,-117.833425,25.799999,40.000000,0.000000,0.000000
2013-06-11T12:05:32Z,33.641566,-117.833424,25.799999,28.000000,0.000000,0.000000
2013-06-11T12:05:49Z,33.641566,-117.833424,25.799999,28.000000,0.000000,0.000000
2013-06-11T12:06:05Z,33.641566,-117.833424,25.900000,39.000000,0.000000,0.000000
2013-06-11T12:06:21Z,33.641566,-117.833424,25.900000,24.000000,0.000000,0.000000
2013-06-11T12:06:38Z,33.641566,-117.833424,25.900000,27.000000,0.000000,0.000000
2013-06-11T12:06:55Z,33.641567,-117.833424,25.900000,23.000000,0.000000,0.000000
2013-06-11T12:07:10Z,33.641567,-117.833424,26.000000,27.000000,0.000000,0.000000
2013-06-11T12:07:25Z,33.641567,-117.833424,26.000000,17.000000,0.000000,0.000000
2013-06-11T12:07:40Z,33.641567,-117.833424,26.000000,23.000000,0.000000,0.000000
2013-06-11T12:07:57Z,33.641567,-117.833424,26.000000,23.000000,0.000000,0.000000
2013-06-11T12:08:13Z,33.641567,-117.833424,26.000000,27.000000,0.000000,0.000000
2013-06-11T12:08:28Z,33.641567,-117.833424,26.100000,30.000000,0.000000,0.000000
2013-06-11T12:08:45Z,33.641567,-117.833424,26.100000,29.000000,0.000000,0.000000
2013-06-11T12:09:03Z,33.641567,-117.833422,26.200001,40.000000,0.000000,0.000000
2013-06-11T12:09:27Z,33.641567,-117.833423,26.200001,53.000000,0.000000,0.000000
2013-06-11T12:09:44Z,33.641567,-117.833422,26.200001,37.000000,0.000000,0.000000
2013-06-11T12:10:01Z,33.641566,-117.833422,26.100000,37.000000,0.000000,0.000000
2013-06-11T12:10:18Z,33.641566,-117.833421,26.299999,28.000000,0.000000,0.000000
2013-06-11T12:10:33Z,33.641566,-117.833421,26.200001,28.000000,0.000000,0.000000
2013-06-11T12:10:49Z,33.641566,-117.833421,26.200001,29.000000,0.000000,0.000000
2013-06-11T12:11:07Z,33.641566,-117.833421,26.200001,30.000000,0.000000,0.000000
2013-06-11T12:11:24Z,33.641566,-117.833421,26.200001,34.000000,0.000000,0.000000
2013-06-11T12:11:42Z,33.641567,-117.833422,26.299999,45.000000,0.000000,0.000000
2013-06-11T12:11:59Z,33.641567,-117.833422,26.299999,29.000000,0.000000,0.000000
2013-06-11T12:14:25Z,33.641567,-117.833422,26.299999,225.000000,0.000000,0.000000
2013-06-11T12:14:44Z,33.641566,-117.833421,26.100000,39.000000,0.000000,0.000000
2013-06-11T12:16:32Z,33.641566,-117.833421,26.100000,179.000000,0.000000,0.000000
2013-06-11T12:16:50Z,33.641566,-117.833421,26.100000,48.000000,0.000000,0.000000
2013-06-11T12:17:07Z,33.641566,-117.833421,26.200001,30.000000,0.000000,0.000000
2013-06-11T12:17:24Z,33.641566,-117.833420,26.200001,26.000000,0.000000,0.000000
2013-06-11T12:17:40Z,33.641566,-117.833420,26.200001,30.000000,0.000000,0.000000
2013-06-11T12:17:55Z,33.641566,-117.833420,26.200001,23.000000,0.000000,0.000000
2013-06-11T12:18:10Z,33.641566,-117.833420,26.200001,22.000000,0.000000,0.000000
2013-06-11T12:18:25Z,33.641566,-117.833420,26.200001,33.000000,0.000000,0.000000
2013-06-11T12:18:41Z,33.641566,-117.833421,26.100000,24.000000,0.000000,0.000000
2013-06-11T12:19:33Z,33.641566,-117.833421,26.100000,98.000000,0.000000,0.000000
2013-06-11T12:19:50Z,33.641566,-117.833421,26.100000,28.000000,0.000000,0.000000
2013-06-11T12:20:41Z,33.641566,-117.833421,26.100000,90.000000,0.000000,0.000000
2013-06-11T12:20:57Z,33.641566,-117.833421,26.100000,26.000000,0.000000,0.000000
2013-06-11T12:21:12Z,33.641566,-117.833421,26.100000,25.000000,0.000000,0.000000
2013-06-11T12:21:27Z,33.641567,-117.833421,26.100000,20.000000,0.000000,0.000000
2013-06-11T12:21:42Z,33.641567,-117.833422,26.100000,19.000000,0.000000,0.000000
2013-06-11T12:21:56Z,33.641567,-117.833422,26.100000,18.000000,0.000000,0.000000
2013-06-11T12:22:20Z,33.641568,-117.833422,26.100000,22.000000,0.000000,0.000000
2013-06-11T12:22:39Z,33.641568,-117.833422,26.100000,31.000000,0.000000,0.000000
2013-06-11T12:23:20Z,33.641568,-117.833422,26.000000,24.000000,0.000000,0.000000
2013-06-11T12:24:27Z,33.641568,-117.833422,26.000000,26.000000,0.000000,0.000000
2013-06-11T12:25:11Z,33.641568,-117.833422,26.000000,27.000000,0.000000,0.000000
2013-06-11T12:25:34Z,33.641568,-117.833422,26.000000,33.000000,0.000000,0.000000
2013-06-11T12:25:50Z,33.641568,-117.833422,26.100000,27.000000,0.000000,0.000000
2013-06-11T12:26:06Z,33.641568,-117.833422,26.000000,31.000000,0.000000,0.000000
2013-06-11T12:26:23Z,33.641567,-117.833422,25.900000,36.000000,0.000000,0.000000
2013-06-11T12:26:55Z,33.641568,-117.833423,26.000000,39.000000,0.000000,0.000000
2013-06-11T12:27:32Z,33.641568,-117.833423,26.000000,48.000000,0.000000,0.000000
2013-06-11T12:27:49Z,33.641568,-117.833423,26.100000,27.000000,0.000000,0.000000
2013-06-11T12:28:30Z,33.641569,-117.833423,26.200001,26.000000,0.000000,0.000000
2013-06-11T12:28:47Z,33.641569,-117.833423,26.200001,37.000000,0.000000,0.000000
2013-06-11T12:30:12Z,33.641567,-117.833423,26.200001,45.000000,0.000000,0.000000
2013-06-11T12:31:02Z,33.641566,-117.833423,26.100000,40.000000,0.000000,0.000000
2013-06-11T12:31:46Z,33.641565,-117.833423,26.200001,67.000000,0.000000,0.000000
2013-06-11T12:32:26Z,33.641565,-117.833423,26.200001,51.000000,0.000000,0.000000
2013-06-11T12:33:42Z,33.641565,-117.833423,26.200001,49.000000,0.000000,0.000000
2013-06-11T12:35:00Z,33.641565,-117.833423,26.100000,37.000000,0.000000,0.000000
2013-06-11T12:35:19Z,33.641565,-117.833423,26.100000,48.000000,0.000000,0.000000
2013-06-11T12:35:57Z,33.641565,-117.833423,26.200001,44.000000,0.000000,0.000000
2013-06-11T12:36:36Z,33.641565,-117.833422,26.200001,47.000000,0.000000,0.000000
2013-06-11T12:36:51Z,33.641565,-117.833422,26.200001,24.000000,0.000000,0.000000
2013-06-11T12:37:43Z,33.641566,-117.833422,26.200001,40.000000,0.000000,0.000000
2013-06-11T12:39:58Z,33.641566,-117.833422,26.200001,16.000000,0.000000,0.000000
2013-06-11T12:40:14Z,33.641567,-117.833422,26.299999,25.000000,0.000000,0.000000
2013-06-11T12:40:34Z,33.641567,-117.833422,26.299999,29.000000,0.000000,0.000000
2013-06-11T12:40:51Z,33.641568,-117.833422,26.299999,20.000000,0.000000,0.000000
2013-06-11T12:41:20Z,33.641567,-117.833423,26.299999,31.000000,0.000000,0.000000
2013-06-11T12:42:30Z,33.641567,-117.833423,26.299999,46.000000,0.000000,0.000000
2013-06-11T12:42:48Z,33.641567,-117.833423,26.299999,47.000000,0.000000,0.000000
2013-06-11T12:43:59Z,33.641567,-117.833423,26.299999,45.000000,0.000000,0.000000
2013-06-11T12:44:18Z,33.641567,-117.833423,26.299999,39.000000,0.000000,0.000000
2013-06-11T12:45:09Z,33.641567,-117.833423,26.299999,36.000000,0.000000,0.000000
2013-06-11T12:45:54Z,33.641567,-117.833423,26.299999,38.000000,0.000000,0.000000
2013-06-11T12:46:17Z,33.641567,-117.833424,26.299999,41.000000,0.000000,0.000000
2013-06-11T12:48:43Z,33.641568,-117.833424,26.299999,41.000000,0.000000,0.000000
2013-06-11T12:50:12Z,33.641568,-117.833424,26.299999,22.000000,0.000000,0.000000
2013-06-11T12:50:51Z,33.641567,-117.833424,26.299999,29.000000,0.000000,0.000000
2013-06-11T12:51:35Z,33.641568,-117.833423,26.400000,33.000000,0.000000,0.000000
2013-06-11T12:51:58Z,33.641568,-117.833423,26.400000,39.000000,0.000000,0.000000
2013-06-11T12:52:20Z,33.641568,-117.833423,26.400000,20.000000,0.000000,0.000000
2013-06-11T12:52:58Z,33.641567,-117.833423,26.400000,29.000000,0.000000,0.000000
2013-06-11T12:54:40Z,33.641568,-117.833423,26.500000,25.000000,0.000000,0.000000
2013-06-11T12:55:17Z,33.641569,-117.833423,26.400000,33.000000,0.000000,0.000000
2013-06-11T12:55:33Z,33.641571,-117.833423,26.400000,19.000000,0.000000,0.000000
2013-06-11T12:55:49Z,33.641571,-117.833423,26.400000,27.000000,0.000000,0.000000
2013-06-11T12:56:08Z,33.641572,-117.833423,26.500000,18.000000,0.000000,0.000000
2013-06-11T12:56:33Z,33.641571,-117.833423,26.500000,35.000000,0.000000,0.000000
2013-06-11T12:56:55Z,33.641571,-117.833423,26.500000,40.000000,0.000000,0.000000
2013-06-11T12:57:22Z,33.641571,-117.833423,26.600000,32.000000,0.000000,0.000000
2013-06-11T12:57:50Z,33.641571,-117.833423,26.600000,32.000000,0.000000,0.000000
2013-06-11T12:58:07Z,33.641571,-117.833423,26.600000,33.000000,0.000000,0.000000
2013-06-11T12:58:26Z,33.641571,-117.833423,26.600000,40.000000,0.000000,0.000000
2013-06-11T12:58:43Z,33.641571,-117.833423,26.600000,47.000000,0.000000,0.000000
2013-06-11T12:59:11Z,33.641571,-117.833423,26.600000,40.000000,0.000000,0.000000
2013-06-11T12:59:28Z,33.641571,-117.833423,26.600000,36.000000,0.000000,0.000000
2013-06-11T12:59:50Z,33.641571,-117.833423,26.600000,35.000000,0.000000,0.000000
2013-06-11T13:00:59Z,33.641571,-117.833423,26.600000,34.000000,0.000000,0.000000
2013-06-11T13:01:34Z,33.641571,-117.833423,26.600000,35.000000,0.000000,0.000000
2013-06-11T13:01:53Z,33.641571,-117.833423,26.600000,41.000000,0.000000,0.000000
2013-06-11T13:02:11Z,33.641571,-117.833423,26.600000,42.000000,0.000000,0.000000
2013-06-11T13:02:33Z,33.641571,-117.833423,26.600000,50.000000,0.000000,0.000000
2013-06-11T13:03:03Z,33.641570,-117.833423,26.700001,52.000000,0.000000,0.000000
2013-06-11T13:03:35Z,33.641570,-117.833423,26.700001,30.000000,0.000000,0.000000
2013-06-11T13:03:51Z,33.641570,-117.833423,26.700001,24.000000,0.000000,0.000000
2013-06-11T13:05:04Z,33.641570,-117.833423,26.700001,27.000000,0.000000,0.000000
2013-06-11T13:05:57Z,33.641570,-117.833422,27.100000,15.000000,0.000000,0.000000
2013-06-11T13:06:32Z,33.641571,-117.833421,27.200001,17.000000,0.000000,0.000000
2013-06-11T13:06:49Z,33.641571,-117.833421,27.200001,19.000000,0.000000,0.000000
2013-06-11T13:08:05Z,33.641573,-117.833421,27.100000,21.000000,0.000000,0.000000
2013-06-11T13:09:04Z,33.641573,-117.833421,27.200001,19.000000,0.000000,0.000000
2013-06-11T13:09:36Z,33.641574,-117.833421,27.200001,22.000000,0.000000,0.000000
2013-06-11T13:09:53Z,33.641574,-117.833422,27.200001,27.000000,0.000000,0.000000
2013-06-11T13:10:16Z,33.641574,-117.833422,27.200001,28.000000,0.000000,0.000000
2013-06-11T13:10:33Z,33.641574,-117.833422,27.200001,26.000000,0.000000,0.000000
2013-06-11T13:10:58Z,33.641575,-117.833422,27.200001,32.000000,0.000000,0.000000
2013-06-11T13:12:36Z,33.641575,-117.833423,27.200001,36.000000,0.000000,0.000000
2013-06-11T13:12:53Z,33.641575,-117.833422,27.200001,18.000000,0.000000,0.000000
2013-06-11T13:13:13Z,33.641575,-117.833422,27.299999,21.000000,0.000000,0.000000
2013-06-11T13:13:29Z,33.641575,-117.833422,27.299999,23.000000,0.000000,0.000000
2013-06-11T13:13:46Z,33.641575,-117.833422,27.299999,18.000000,0.000000,0.000000
2013-06-11T13:14:08Z,33.641575,-117.833422,27.299999,25.000000,0.000000,0.000000
2013-06-11T13:14:26Z,33.641575,-117.833422,27.299999,35.000000,0.000000,0.000000
2013-06-11T13:15:19Z,33.641575,-117.833422,27.400000,33.000000,0.000000,0.000000
2013-06-11T13:15:59Z,33.641576,-117.833423,27.400000,31.000000,0.000000,0.000000
2013-06-11T13:16:16Z,33.641577,-117.833424,27.400000,33.000000,0.000000,0.000000
2013-06-11T13:16:32Z,33.641578,-117.833424,27.299999,28.000000,0.000000,0.000000
2013-06-11T13:17:06Z,33.641578,-117.833424,27.299999,41.000000,0.000000,0.000000
2013-06-11T13:17:38Z,33.641578,-117.833424,27.299999,47.000000,0.000000,0.000000
2013-06-11T13:18:08Z,33.641578,-117.833424,27.299999,35.000000,0.000000,0.000000
2013-06-11T13:18:25Z,33.641578,-117.833424,27.299999,30.000000,0.000000,0.000000
2013-06-11T13:19:36Z,33.641578,-117.833425,27.299999,33.000000,0.000000,0.000000
2013-06-11T13:19:51Z,33.641578,-117.833425,27.299999,19.000000,0.000000,0.000000
2013-06-11T13:20:06Z,33.641578,-117.833425,27.299999,29.000000,0.000000,0.000000
2013-06-11T13:20:21Z,33.641578,-117.833425,27.299999,21.000000,0.000000,0.000000
2013-06-11T13:20:58Z,33.641578,-117.833424,27.299999,25.000000,0.000000,0.000000
2013-06-11T13:21:16Z,33.641578,-117.833424,27.299999,24.000000,0.000000,0.000000
2013-06-11T13:21:32Z,33.641578,-117.833424,27.299999,14.000000,0.000000,0.000000
2013-06-11T13:21:49Z,33.641578,-117.833424,27.200001,16.000000,0.000000,0.000000
2013-06-11T13:22:21Z,33.641578,-117.833424,27.200001,24.000000,0.000000,0.000000
2013-06-11T13:22:54Z,33.641578,-117.833424,27.200001,28.000000,0.000000,0.000000
2013-06-11T13:24:06Z,33.641578,-117.833424,27.200001,40.000000,0.000000,0.000000
2013-06-11T13:25:19Z,33.641578,-117.833424,27.200001,48.000000,0.000000,0.000000
2013-06-11T13:25:59Z,33.641578,-117.833424,27.200001,47.000000,0.000000,0.000000
2013-06-11T13:26:44Z,33.641578,-117.833424,27.200001,43.000000,0.000000,0.000000
2013-06-11T13:27:40Z,33.641578,-117.833424,27.200001,28.000000,0.000000,0.000000
2013-06-11T13:29:00Z,33.641578,-117.833424,27.299999,26.000000,0.000000,0.000000
2013-06-11T13:29:16Z,33.641578,-117.833424,27.400000,33.000000,0.000000,0.000000
2013-06-11T13:29:52Z,33.641578,-117.833424,27.400000,41.000000,0.000000,0.000000
2013-06-11T13:31:01Z,33.641577,-117.833424,27.500000,42.000000,0.000000,0.000000
2013-06-11T13:31:35Z,33.641577,-117.833424,27.400000,40.000000,0.000000,0.000000
2013-06-11T13:31:52Z,33.641577,-117.833424,27.299999,28.000000,0.000000,0.000000
2013-06-11T13:32:21Z,33.641577,-117.833424,27.400000,31.000000,0.000000,0.000000
2013-06-11T13:34:24Z,33.641577,-117.833424,27.400000,47.000000,0.000000,0.000000
2013-06-11T13:35:08Z,33.641578,-117.833424,27.400000,20.000000,0.000000,0.000000
2013-06-11T13:36:02Z,33.641576,-117.833424,27.299999,49.000000,0.000000,0.000000
2013-06-11T13:36:37Z,33.641576,-117.833424,27.200001,47.000000,0.000000,0.000000
2013-06-11T13:37:50Z,33.641577,-117.833424,27.299999,33.000000,0.000000,0.000000
2013-06-11T13:38:08Z,33.641577,-117.833424,27.000000,44.000000,0.000000,0.000000
2013-06-11T13:39:05Z,33.641577,-117.833424,27.000000,105.000000,0.000000,0.000000
2013-06-11T13:40:13Z,33.641577,-117.833424,27.000000,38.000000,0.000000,0.000000
2013-06-11T13:40:35Z,33.641578,-117.833424,27.100000,37.000000,0.000000,0.000000
2013-06-11T13:41:02Z,33.641578,-117.833424,27.100000,42.000000,0.000000,0.000000
2013-06-11T13:41:36Z,33.641577,-117.833424,27.000000,45.000000,0.000000,0.000000
2013-06-11T13:41:54Z,33.641578,-117.833424,27.100000,34.000000,0.000000,0.000000
2013-06-11T13:42:18Z,33.641578,-117.833425,27.100000,46.000000,0.000000,0.000000
2013-06-11T13:43:41Z,33.641578,-117.833425,27.000000,41.000000,0.000000,0.000000
2013-06-11T13:43:58Z,33.641578,-117.833425,27.000000,33.000000,0.000000,0.000000
2013-06-11T13:46:20Z,33.641578,-117.833425,27.000000,247.000000,0.000000,0.000000
2013-06-11T13:46:37Z,33.641578,-117.833424,27.100000,35.000000,0.000000,0.000000
2013-06-11T13:46:54Z,33.641579,-117.833425,27.200001,37.000000,0.000000,0.000000
2013-06-11T13:47:13Z,33.641579,-117.833425,27.400000,42.000000,0.000000,0.000000
2013-06-11T13:47:30Z,33.641579,-117.833425,27.400000,36.000000,0.000000,0.000000
2013-06-11T13:47:46Z,33.641580,-117.833425,27.400000,38.000000,0.000000,0.000000
2013-06-11T13:48:04Z,33.641581,-117.833425,27.500000,47.000000,0.000000,0.000000
2013-06-11T13:48:20Z,33.641581,-117.833426,27.500000,40.000000,0.000000,0.000000
2013-06-11T13:48:37Z,33.641580,-117.833426,27.299999,37.000000,0.000000,0.000000
2013-06-11T13:48:53Z,33.641580,-117.833426,27.200001,39.000000,0.000000,0.000000
2013-06-11T13:49:09Z,33.641580,-117.833426,27.299999,42.000000,0.000000,0.000000
2013-06-11T13:49:27Z,33.641579,-117.833426,27.100000,44.000000,0.000000,0.000000
2013-06-11T13:49:44Z,33.641579,-117.833426,27.000000,45.000000,0.000000,0.000000
2013-06-11T13:50:09Z,33.641580,-117.833426,27.400000,54.000000,0.000000,0.000000
2013-06-11T13:50:24Z,33.641581,-117.833425,27.500000,28.000000,0.000000,0.000000
2013-06-11T13:50:38Z,33.641581,-117.833426,27.400000,24.000000,0.000000,0.000000
2013-06-11T13:50:53Z,33.641580,-117.833425,27.299999,16.000000,0.000000,0.000000
2013-06-11T13:51:09Z,33.641581,-117.833425,27.500000,27.000000,0.000000,0.000000
2013-06-11T13:51:24Z,33.641581,-117.833425,27.600000,23.000000,0.000000,0.000000
2013-06-11T13:51:40Z,33.641581,-117.833425,27.600000,31.000000,0.000000,0.000000
2013-06-11T13:51:58Z,33.641581,-117.833425,27.600000,41.000000,0.000000,0.000000
2013-06-11T13:52:20Z,33.641581,-117.833426,27.700001,48.000000,0.000000,0.000000
2013-06-11T13:52:45Z,33.641582,-117.833428,27.799999,50.000000,0.000000,0.000000
2013-06-11T13:53:02Z,33.641582,-117.833428,27.900000,36.000000,0.000000,0.000000
2013-06-11T13:53:19Z,33.641582,-117.833429,27.900000,31.000000,0.000000,0.000000
2013-06-11T13:53:35Z,33.641583,-117.833430,27.900000,24.000000,0.000000,0.000000
2013-06-11T13:53:51Z,33.641583,-117.833431,27.900000,27.000000,0.000000,0.000000
2013-06-11T13:54:07Z,33.641583,-117.833431,27.900000,32.000000,0.000000,0.000000
2013-06-11T13:54:28Z,33.641583,-117.833431,28.000000,50.000000,0.000000,0.000000
2013-06-11T13:54:47Z,33.641583,-117.833431,27.900000,46.000000,0.000000,0.000000
2013-06-11T13:55:04Z,33.641583,-117.833432,27.900000,40.000000,0.000000,0.000000
2013-06-11T13:55:20Z,33.641582,-117.833432,27.900000,28.000000,0.000000,0.000000
2013-06-11T13:55:35Z,33.641583,-117.833432,27.900000,27.000000,0.000000,0.000000
2013-06-11T13:55:50Z,33.641583,-117.833432,27.900000,29.000000,0.000000,0.000000
2013-06-11T13:56:06Z,33.641583,-117.833432,27.900000,26.000000,0.000000,0.000000
2013-06-11T13:56:36Z,33.641583,-117.833432,27.900000,46.000000,0.000000,0.000000
2013-06-11T13:56:52Z,33.641582,-117.833432,27.900000,25.000000,0.000000,0.000000
2013-06-11T13:57:07Z,33.641582,-117.833432,27.900000,20.000000,0.000000,0.000000
2013-06-11T13:57:22Z,33.641582,-117.833432,27.900000,21.000000,0.000000,0.000000
2013-06-11T13:57:38Z,33.641582,-117.833432,27.900000,23.000000,0.000000,0.000000
2013-06-11T13:57:53Z,33.641582,-117.833432,27.900000,23.000000,0.000000,0.000000
2013-06-11T13:58:09Z,33.641582,-117.833431,27.900000,19.000000,0.000000,0.000000
2013-06-11T13:58:25Z,33.641582,-117.833431,27.900000,29.000000,0.000000,0.000000
2013-06-11T13:58:42Z,33.641582,-117.833431,27.900000,21.000000,0.000000,0.000000
2013-06-11T13:58:58Z,33.641582,-117.833431,27.900000,33.000000,0.000000,0.000000
2013-06-11T13:59:17Z,33.641582,-117.833431,27.900000,46.000000,0.000000,0.000000
2013-06-11T13:59:37Z,33.641582,-117.833431,27.900000,46.000000,0.000000,0.000000
2013-06-11T13:59:53Z,33.641583,-117.833431,28.000000,36.000000,0.000000,0.000000
2013-06-11T14:00:11Z,33.641583,-117.833431,28.000000,38.000000,0.000000,0.000000
2013-06-11T14:00:35Z,33.641583,-117.833431,28.100000,45.000000,0.000000,0.000000
2013-06-11T14:00:52Z,33.641583,-117.833431,28.100000,35.000000,0.000000,0.000000
2013-06-11T14:01:09Z,33.641583,-117.833431,28.000000,48.000000,0.000000,0.000000
2013-06-11T14:01:37Z,33.641583,-117.833431,28.100000,48.000000,0.000000,0.000000
2013-06-11T14:01:54Z,33.641583,-117.833431,28.000000,35.000000,0.000000,0.000000
2013-06-11T14:02:10Z,33.641583,-117.833431,28.100000,30.000000,0.000000,0.000000
2013-06-11T14:02:27Z,33.641584,-117.833431,28.100000,30.000000,0.000000,0.000000
2013-06-11T14:02:43Z,33.641584,-117.833431,28.100000,27.000000,0.000000,0.000000
2013-06-11T14:02:59Z,33.641584,-117.833431,28.200001,23.000000,0.000000,0.000000
2013-06-11T14:03:15Z,33.641584,-117.833431,28.200001,24.000000,0.000000,0.000000
2013-06-11T14:05:08Z,33.641584,-117.833431,28.200001,199.000000,0.000000,0.000000
2013-06-11T14:05:24Z,33.641584,-117.833431,28.200001,24.000000,0.000000,0.000000
2013-06-11T14:05:39Z,33.641584,-117.833431,28.299999,16.000000,0.000000,0.000000
2013-06-11T14:05:54Z,33.641584,-117.833431,28.299999,15.000000,0.000000,0.000000
2013-06-11T14:06:08Z,33.641585,-117.833431,28.400000,17.000000,0.000000,0.000000
2013-06-11T14:06:23Z,33.641584,-117.833431,28.400000,16.000000,0.000000,0.000000
2013-06-11T14:06:38Z,33.641584,-117.833431,28.400000,18.000000,0.000000,0.000000
2013-06-11T14:06:53Z,33.641584,-117.833431,28.400000,18.000000,0.000000,0.000000
2013-06-11T14:07:09Z,33.641584,-117.833431,28.400000,27.000000,0.000000,0.000000
2013-06-11T14:07:25Z,33.641584,-117.833431,28.400000,24.000000,0.000000,0.000000
2013-06-11T14:07:42Z,33.641584,-117.833431,28.400000,33.000000,0.000000,0.000000
2013-06-11T14:08:07Z,33.641584,-117.833432,28.299999,52.000000,0.000000,0.000000
2013-06-11T14:08:25Z,33.641584,-117.833432,28.299999,44.000000,0.000000,0.000000
2013-06-11T14:08:42Z,33.641584,-117.833432,28.299999,47.000000,0.000000,0.000000
2013-06-11T14:09:01Z,33.641584,-117.833432,28.299999,47.000000,0.000000,0.000000
2013-06-11T14:09:40Z,33.641584,-117.833432,28.200001,30.000000,0.000000,0.000000
2013-06-11T14:09:59Z,33.641584,-117.833432,28.200001,47.000000,0.000000,0.000000
2013-06-11T14:10:41Z,33.641584,-117.833432,28.200001,84.000000,0.000000,0.000000
2013-06-11T14:10:59Z,33.641584,-117.833432,28.200001,49.000000,0.000000,0.000000
2013-06-11T14:11:40Z,33.641584,-117.833432,28.200001,40.000000,0.000000,0.000000
2013-06-11T14:12:26Z,33.641584,-117.833432,28.200001,39.000000,0.000000,0.000000
2013-06-11T14:13:09Z,33.641584,-117.833432,28.200001,38.000000,0.000000,0.000000
2013-06-11T14:13:52Z,33.641584,-117.833432,28.200001,32.000000,0.000000,0.000000
2013-06-11T14:14:08Z,33.641584,-117.833432,28.200001,23.000000,0.000000,0.000000
2013-06-11T14:14:23Z,33.641584,-117.833432,28.200001,30.000000,0.000000,0.000000
2013-06-11T14:15:03Z,33.641584,-117.833432,28.200001,31.000000,0.000000,0.000000
2013-06-11T14:15:49Z,33.641584,-117.833432,28.200001,33.000000,0.000000,0.000000
2013-06-11T14:16:09Z,33.641584,-117.833432,28.200001,28.000000,0.000000,0.000000
2013-06-11T14:16:27Z,33.641584,-117.833432,28.200001,35.000000,0.000000,0.000000
2013-06-11T14:16:58Z,33.641584,-117.833433,28.200001,31.000000,0.000000,0.000000
2013-06-11T14:17:35Z,33.641584,-117.833433,28.200001,76.000000,0.000000,0.000000
2013-06-11T14:17:52Z,33.641584,-117.833433,28.100000,25.000000,0.000000,0.000000
2013-06-11T14:19:09Z,33.641584,-117.833433,28.100000,44.000000,0.000000,0.000000
2013-06-11T14:20:30Z,33.641584,-117.833433,28.100000,35.000000,0.000000,0.000000
2013-06-11T14:20:48Z,33.641584,-117.833433,28.100000,31.000000,0.000000,0.000000
2013-06-11T14:21:38Z,33.641584,-117.833433,28.100000,33.000000,0.000000,0.000000
2013-06-11T14:21:55Z,33.641584,-117.833433,28.100000,33.000000,0.000000,0.000000
2013-06-11T14:22:21Z,33.641584,-117.833433,28.100000,31.000000,0.000000,0.000000
2013-06-11T14:22:37Z,33.641584,-117.833433,28.100000,27.000000,0.000000,0.000000
2013-06-11T14:22:52Z,33.641585,-117.833433,28.100000,27.000000,0.000000,0.000000
2013-06-11T14:23:07Z,33.641585,-117.833433,28.100000,25.000000,0.000000,0.000000
2013-06-11T14:23:23Z,33.641585,-117.833433,28.000000,27.000000,0.000000,0.000000
2013-06-11T14:24:05Z,33.641585,-117.833433,28.000000,46.000000,0.000000,0.000000
2013-06-11T14:24:55Z,33.641585,-117.833433,28.000000,45.000000,0.000000,0.000000
2013-06-11T14:25:18Z,33.641585,-117.833434,28.000000,45.000000,0.000000,0.000000
2013-06-11T14:25:47Z,33.641585,-117.833434,28.000000,39.000000,0.000000,0.000000
2013-06-11T14:26:10Z,33.641585,-117.833433,28.000000,32.000000,0.000000,0.000000
2013-06-11T14:26:26Z,33.641585,-117.833433,28.000000,38.000000,0.000000,0.000000
2013-06-11T14:26:55Z,33.641585,-117.833433,28.000000,37.000000,0.000000,0.000000
2013-06-11T14:27:34Z,33.641585,-117.833433,28.100000,48.000000,0.000000,0.000000
2013-06-11T14:27:54Z,33.641585,-117.833433,28.100000,39.000000,0.000000,0.000000
2013-06-11T14:29:22Z,33.641585,-117.833433,28.100000,44.000000,0.000000,0.000000
2013-06-11T14:30:33Z,33.641585,-117.833433,28.100000,44.000000,0.000000,0.000000
2013-06-11T14:31:00Z,33.641585,-117.833433,28.100000,40.000000,0.000000,0.000000
2013-06-11T14:31:17Z,33.641585,-117.833434,28.000000,45.000000,0.000000,0.000000
2013-06-11T14:31:36Z,33.641585,-117.833433,28.100000,44.000000,0.000000,0.000000
2013-06-11T14:31:52Z,33.641585,-117.833433,28.100000,35.000000,0.000000,0.000000
2013-06-11T14:32:09Z,33.641585,-117.833433,28.100000,29.000000,0.000000,0.000000
2013-06-11T14:32:25Z,33.641585,-117.833433,28.100000,38.000000,0.000000,0.000000
2013-06-11T14:32:41Z,33.641585,-117.833433,28.100000,34.000000,0.000000,0.000000
2013-06-11T14:32:56Z,33.641585,-117.833433,28.100000,25.000000,0.000000,0.000000
2013-06-11T14:33:11Z,33.641585,-117.833433,28.100000,25.000000,0.000000,0.000000
2013-06-11T14:33:28Z,33.641585,-117.833433,28.100000,29.000000,0.000000,0.000000
2013-06-11T14:33:45Z,33.641585,-117.833433,28.100000,33.000000,0.000000,0.000000
2013-06-11T14:34:02Z,33.641585,-117.833433,28.100000,47.000000,0.000000,0.000000
2013-06-11T14:34:18Z,33.641585,-117.833433,28.100000,31.000000,0.000000,0.000000
2013-06-11T14:34:34Z,33.641585,-117.833433,28.100000,38.000000,0.000000,0.000000
2013-06-11T14:34:50Z,33.641585,-117.833433,28.100000,37.000000,0.000000,0.000000
2013-06-11T14:35:17Z,33.641585,-117.833433,28.100000,30.000000,0.000000,0.000000
2013-06-11T14:35:46Z,33.641585,-117.833433,28.100000,26.000000,0.000000,0.000000
2013-06-11T14:36:07Z,33.641585,-117.833433,28.100000,30.000000,0.000000,0.000000
2013-06-11T14:36:33Z,33.641584,-117.833433,28.100000,40.000000,0.000000,0.000000
2013-06-11T14:37:58Z,33.641584,-117.833433,28.100000,46.000000,0.000000,0.000000
2013-06-11T14:39:08Z,33.641584,-117.833433,28.100000,28.000000,0.000000,0.000000
2013-06-11T14:39:47Z,33.641584,-117.833433,28.200001,36.000000,0.000000,0.000000
2013-06-11T14:40:17Z,33.641584,-117.833433,28.200001,42.000000,0.000000,0.000000
2013-06-11T14:46:56Z,33.641584,-117.833433,28.200001,185.000000,0.000000,0.000000
2013-06-11T14:47:17Z,33.641584,-117.833432,28.200001,35.000000,0.000000,0.000000
2013-06-11T14:47:51Z,33.641585,-117.833432,28.200001,44.000000,0.000000,0.000000
2013-06-11T14:48:14Z,33.641584,-117.833433,28.100000,46.000000,0.000000,0.000000
2013-06-11T14:48:43Z,33.641584,-117.833433,28.100000,40.000000,0.000000,0.000000
2013-06-11T14:49:28Z,33.641584,-117.833434,28.000000,25.000000,0.000000,0.000000
2013-06-11T14:49:48Z,33.641584,-117.833435,28.000000,31.000000,0.000000,0.000000
2013-06-11T14:50:06Z,33.641584,-117.833435,28.000000,34.000000,0.000000,0.000000
2013-06-11T14:50:24Z,33.641584,-117.833435,28.000000,34.000000,0.000000,0.000000
2013-06-11T14:51:06Z,33.641584,-117.833435,28.000000,41.000000,0.000000,0.000000
2013-06-11T14:51:44Z,33.641583,-117.833435,28.000000,56.000000,0.000000,0.000000
2013-06-11T14:52:30Z,33.641583,-117.833435,28.000000,49.000000,0.000000,0.000000
2013-06-11T14:52:49Z,33.641583,-117.833435,28.000000,39.000000,0.000000,0.000000
2013-06-11T14:53:17Z,33.641583,-117.833435,28.000000,49.000000,0.000000,0.000000
2013-06-11T14:53:43Z,33.641583,-117.833435,28.000000,51.000000,0.000000,0.000000
2013-06-11T14:54:09Z,33.641583,-117.833435,28.100000,38.000000,0.000000,0.000000
2013-06-11T14:54:32Z,33.641583,-117.833435,28.100000,25.000000,0.000000,0.000000
2013-06-11T14:54:49Z,33.641583,-117.833434,28.100000,23.000000,0.000000,0.000000
2013-06-11T14:55:16Z,33.641583,-117.833434,28.100000,29.000000,0.000000,0.000000
2013-06-11T14:55:52Z,33.641583,-117.833434,28.100000,27.000000,0.000000,0.000000
2013-06-11T14:56:08Z,33.641584,-117.833434,28.100000,18.000000,0.000000,0.000000
2013-06-11T14:56:32Z,33.641584,-117.833433,28.100000,27.000000,0.000000,0.000000
2013-06-11T14:56:49Z,33.641585,-117.833433,28.100000,25.000000,0.000000,0.000000
2013-06-11T14:58:27Z,33.641585,-117.833433,28.100000,46.000000,0.000000,0.000000
2013-06-11T14:58:50Z,33.641585,-117.833433,28.100000,44.000000,0.000000,0.000000
2013-06-11T15:03:05Z,33.641585,-117.833433,28.100000,244.000000,0.000000,0.000000
2013-06-11T15:03:28Z,33.641585,-117.833433,28.100000,46.000000,0.000000,0.000000
2013-06-11T15:03:45Z,33.641585,-117.833433,28.100000,45.000000,0.000000,0.000000
2013-06-11T15:05:23Z,33.641585,-117.833433,28.000000,35.000000,0.000000,0.000000
2013-06-11T15:05:40Z,33.641585,-117.833434,28.000000,33.000000,0.000000,0.000000
2013-06-11T15:05:55Z,33.641585,-117.833434,28.000000,26.000000,0.000000,0.000000
2013-06-11T15:06:11Z,33.641585,-117.833433,28.000000,23.000000,0.000000,0.000000
2013-06-11T15:06:27Z,33.641585,-117.833433,28.000000,34.000000,0.000000,0.000000
2013-06-11T15:06:43Z,33.641585,-117.833433,28.000000,40.000000,0.000000,0.000000
2013-06-11T15:07:02Z,33.641585,-117.833433,28.000000,47.000000,0.000000,0.000000
2013-06-11T15:07:22Z,33.641585,-117.833433,28.000000,45.000000,0.000000,0.000000
2013-06-11T15:07:39Z,33.641585,-117.833433,28.000000,30.000000,0.000000,0.000000
2013-06-11T15:07:55Z,33.641585,-117.833433,28.000000,36.000000,0.000000,0.000000
2013-06-11T15:08:12Z,33.641585,-117.833433,28.000000,49.000000,0.000000,0.000000
2013-06-11T15:08:29Z,33.641586,-117.833433,28.000000,40.000000,0.000000,0.000000
2013-06-11T15:08:45Z,33.641586,-117.833433,28.000000,34.000000,0.000000,0.000000
2013-06-11T15:09:03Z,33.641586,-117.833433,28.000000,40.000000,0.000000,0.000000
2013-06-11T15:09:20Z,33.641586,-117.833433,28.000000,42.000000,0.000000,0.000000
2013-06-11T15:09:36Z,33.641586,-117.833432,28.000000,33.000000,0.000000,0.000000
2013-06-11T15:09:53Z,33.641587,-117.833432,28.000000,36.000000,0.000000,0.000000
2013-06-11T15:10:10Z,33.641587,-117.833432,28.000000,36.000000,0.000000,0.000000
2013-06-11T15:10:25Z,33.641587,-117.833432,27.900000,23.000000,0.000000,0.000000
2013-06-11T15:10:42Z,33.641587,-117.833432,27.900000,30.000000,0.000000,0.000000
2013-06-11T15:10:58Z,33.641587,-117.833432,28.000000,26.000000,0.000000,0.000000
2013-06-11T15:11:14Z,33.641587,-117.833432,28.000000,37.000000,0.000000,0.000000
2013-06-11T15:11:29Z,33.641587,-117.833432,27.900000,29.000000,0.000000,0.000000
2013-06-11T15:11:45Z,33.641587,-117.833433,27.900000,28.000000,0.000000,0.000000
2013-06-11T15:12:00Z,33.641587,-117.833433,27.900000,38.000000,0.000000,0.000000
2013-06-11T15:12:15Z,33.641587,-117.833432,27.900000,23.000000,0.000000,0.000000
2013-06-11T15:12:31Z,33.641588,-117.833432,27.799999,26.000000,0.000000,0.000000
2013-06-11T15:12:46Z,33.641589,-117.833432,27.700001,30.000000,0.000000,0.000000
2013-06-11T15:13:01Z,33.641590,-117.833432,27.700001,29.000000,0.000000,0.000000
2013-06-11T15:13:16Z,33.641590,-117.833431,27.700001,18.000000,0.000000,0.000000
2013-06-11T15:13:31Z,33.641590,-117.833431,27.700001,18.000000,0.000000,0.000000
2013-06-11T15:13:45Z,33.641590,-117.833431,27.700001,19.000000,0.000000,0.000000
2013-06-11T15:13:59Z,33.641590,-117.833431,27.700001,20.000000,0.000000,0.000000
2013-06-11T15:14:13Z,33.641590,-117.833431,27.700001,16.000000,0.000000,0.000000
2013-06-11T15:14:28Z,33.641591,-117.833431,27.600000,24.000000,0.000000,0.000000
2013-06-11T15:14:43Z,33.641591,-117.833431,27.600000,23.000000,0.000000,0.000000
2013-06-11T15:15:23Z,33.641591,-117.833431,27.600000,30.000000,0.000000,0.000000
2013-06-11T15:15:58Z,33.641591,-117.833430,27.600000,17.000000,0.000000,0.000000
2013-06-11T15:16:12Z,33.641592,-117.833430,27.600000,20.000000,0.000000,0.000000
2013-06-11T15:16:27Z,33.641592,-117.833430,27.700001,19.000000,0.000000,0.000000
2013-06-11T15:16:43Z,33.641591,-117.833430,27.700001,19.000000,0.000000,0.000000
2013-06-11T15:16:58Z,33.641592,-117.833430,27.600000,25.000000,0.000000,0.000000
2013-06-11T15:17:13Z,33.641593,-117.833430,27.400000,26.000000,0.000000,0.000000
2013-06-11T15:17:28Z,33.641593,-117.833430,27.400000,29.000000,0.000000,0.000000
2013-06-11T15:17:43Z,33.641593,-117.833430,27.400000,22.000000,0.000000,0.000000
2013-06-11T15:17:57Z,33.641593,-117.833430,27.400000,22.000000,0.000000,0.000000
2013-06-11T15:18:12Z,33.641593,-117.833430,27.400000,20.000000,0.000000,0.000000
2013-06-11T15:18:29Z,33.641593,-117.833430,27.400000,49.000000,0.000000,0.000000
2013-06-11T15:18:46Z,33.641594,-117.833430,27.299999,44.000000,0.000000,0.000000
2013-06-11T15:19:01Z,33.641593,-117.833430,27.400000,18.000000,0.000000,0.000000
2013-06-11T15:19:15Z,33.641593,-117.833431,27.500000,16.000000,0.000000,0.000000
2013-06-11T15:19:29Z,33.641592,-117.833431,27.500000,16.000000,0.000000,0.000000
2013-06-11T15:19:44Z,33.641593,-117.833431,27.400000,18.000000,0.000000,0.000000
2013-06-11T15:20:05Z,33.641593,-117.833431,27.400000,16.000000,0.000000,0.000000
2013-06-11T15:20:23Z,33.641593,-117.833431,27.500000,15.000000,0.000000,0.000000
2013-06-11T15:20:45Z,33.641593,-117.833431,27.500000,18.000000,0.000000,0.000000
2013-06-11T15:21:03Z,33.641593,-117.833431,27.500000,10.000000,0.000000,0.000000
2013-06-11T15:21:19Z,33.641592,-117.833430,27.500000,9.000000,0.000000,0.000000
2013-06-11T15:21:36Z,33.641593,-117.833430,27.500000,15.000000,0.000000,0.000000
2013-06-11T15:22:00Z,33.641593,-117.833430,27.500000,16.000000,0.000000,0.000000
2013-06-11T15:22:15Z,33.641592,-117.833430,27.600000,23.000000,0.000000,0.000000
2013-06-11T15:22:30Z,33.641593,-117.833430,27.500000,23.000000,0.000000,0.000000
2013-06-11T15:22:45Z,33.641593,-117.833430,27.500000,16.000000,0.000000,0.000000
2013-06-11T15:23:00Z,33.641593,-117.833430,27.500000,14.000000,0.000000,0.000000
2013-06-11T15:23:14Z,33.641593,-117.833430,27.600000,17.000000,0.000000,0.000000
2013-06-11T15:23:29Z,33.641593,-117.833430,27.600000,29.000000,0.000000,0.000000
2013-06-11T15:23:44Z,33.641593,-117.833429,27.600000,18.000000,0.000000,0.000000
2013-06-11T15:24:02Z,33.641593,-117.833429,27.600000,13.000000,0.000000,0.000000
2013-06-11T15:24:22Z,33.641593,-117.833429,27.600000,22.000000,0.000000,0.000000
2013-06-11T15:24:38Z,33.641593,-117.833429,27.600000,25.000000,0.000000,0.000000
2013-06-11T15:24:59Z,33.641593,-117.833429,27.700001,29.000000,0.000000,0.000000
2013-06-11T15:25:14Z,33.641593,-117.833429,27.700001,27.000000,0.000000,0.000000
2013-06-11T15:25:31Z,33.641593,-117.833428,27.700001,27.000000,0.000000,0.000000
2013-06-11T15:25:57Z,33.641593,-117.833428,27.700001,19.000000,0.000000,0.000000
2013-06-11T15:26:11Z,33.641593,-117.833428,27.700001,18.000000,0.000000,0.000000
2013-06-11T15:26:26Z,33.641593,-117.833428,27.700001,18.000000,0.000000,0.000000
2013-06-11T15:26:42Z,33.641593,-117.833428,27.700001,17.000000,0.000000,0.000000
2013-06-11T15:26:57Z,33.641593,-117.833428,27.799999,15.000000,0.000000,0.000000
2013-06-11T15:27:40Z,33.641593,-117.833429,27.600000,29.000000,0.000000,0.000000
2013-06-11T15:27:57Z,33.641593,-117.833429,27.700001,19.000000,0.000000,0.000000
2013-06-11T15:28:11Z,33.641593,-117.833429,27.700001,19.000000,0.000000,0.000000
2013-06-11T15:28:26Z,33.641593,-117.833429,27.700001,25.000000,0.000000,0.000000
2013-06-11T15:28:43Z,33.641593,-117.833429,27.700001,30.000000,0.000000,0.000000
2013-06-11T15:28:59Z,33.641593,-117.833429,27.700001,27.000000,0.000000,0.000000
2013-06-11T15:29:15Z,33.641593,-117.833429,27.700001,23.000000,0.000000,0.000000
2013-06-11T15:29:36Z,33.641593,-117.833429,27.700001,22.000000,0.000000,0.000000
2013-06-11T15:29:51Z,33.641593,-117.833429,27.700001,24.000000,0.000000,0.000000
2013-06-11T15:30:06Z,33.641593,-117.833429,27.700001,24.000000,0.000000,0.000000
2013-06-11T15:30:22Z,33.641593,-117.833429,27.700001,19.000000,0.000000,0.000000
2013-06-11T15:30:57Z,33.641593,-117.833429,27.700001,30.000000,0.000000,0.000000
2013-06-11T15:31:12Z,33.641593,-117.833429,27.700001,22.000000,0.000000,0.000000
2013-06-11T15:31:33Z,33.641593,-117.833429,27.700001,35.000000,0.000000,0.000000
2013-06-11T15:31:52Z,33.641593,-117.833429,27.700001,39.000000,0.000000,0.000000
2013-06-11T15:32:21Z,33.641593,-117.833429,27.700001,52.000000,0.000000,0.000000
2013-06-11T15:32:41Z,33.641593,-117.833429,27.700001,40.000000,0.000000,0.000000
2013-06-11T15:32:58Z,33.641592,-117.833429,27.799999,22.000000,0.000000,0.000000
2013-06-11T15:33:21Z,33.641592,-117.833429,27.799999,22.000000,0.000000,0.000000
2013-06-11T15:33:40Z,33.641592,-117.833429,27.799999,26.000000,0.000000,0.000000
2013-06-11T15:34:01Z,33.641592,-117.833429,27.799999,36.000000,0.000000,0.000000
2013-06-11T15:37:14Z,33.641593,-117.833429,27.799999,228.000000,0.000000,0.000000
2013-06-11T15:37:32Z,33.641593,-117.833429,27.799999,19.000000,0.000000,0.000000
2013-06-11T15:37:51Z,33.641593,-117.833429,27.799999,20.000000,0.000000,0.000000
2013-06-11T15:38:06Z,33.641592,-117.833430,27.799999,13.000000,0.000000,0.000000
2013-06-11T15:38:35Z,33.641593,-117.833430,27.700001,27.000000,0.000000,0.000000
2013-06-11T15:38:51Z,33.641593,-117.833429,27.799999,14.000000,0.000000,0.000000
2013-06-11T15:39:27Z,33.641593,-117.833429,27.799999,17.000000,0.000000,0.000000
2013-06-11T15:39:42Z,33.641593,-117.833430,27.799999,17.000000,0.000000,0.000000
2013-06-11T15:40:01Z,33.641593,-117.833430,27.700001,29.000000,0.000000,0.000000
2013-06-11T15:40:35Z,33.641593,-117.833430,27.799999,36.000000,0.000000,0.000000
2013-06-11T15:41:42Z,33.641592,-117.833430,27.799999,44.000000,0.000000,0.000000
2013-06-11T15:42:07Z,33.641592,-117.833430,27.799999,40.000000,0.000000,0.000000
2013-06-11T15:42:34Z,33.641592,-117.833430,27.799999,28.000000,0.000000,0.000000
2013-06-11T15:42:49Z,33.641592,-117.833430,27.799999,28.000000,0.000000,0.000000
2013-06-11T15:43:55Z,33.641592,-117.833430,27.799999,28.000000,0.000000,0.000000
2013-06-11T15:44:10Z,33.641592,-117.833430,27.799999,26.000000,0.000000,0.000000
2013-06-11T15:44:26Z,33.641592,-117.833430,27.799999,34.000000,0.000000,0.000000
2013-06-11T15:45:25Z,33.641592,-117.833430,27.799999,45.000000,0.000000,0.000000
2013-06-11T15:45:48Z,33.641592,-117.833430,27.799999,38.000000,0.000000,0.000000
2013-06-11T15:46:09Z,33.641592,-117.833430,27.799999,30.000000,0.000000,0.000000
2013-06-11T15:46:34Z,33.641592,-117.833430,27.799999,30.000000,0.000000,0.000000
2013-06-11T15:47:56Z,33.641592,-117.833430,27.799999,148.000000,0.000000,0.000000
2013-06-11T15:48:37Z,33.641592,-117.833430,27.799999,43.000000,0.000000,0.000000
2013-06-11T15:49:04Z,33.641592,-117.833430,27.799999,49.000000,0.000000,0.000000
2013-06-11T15:49:26Z,33.641593,-117.833430,27.700001,47.000000,0.000000,0.000000
2013-06-11T15:49:43Z,33.641593,-117.833430,27.700001,35.000000,0.000000,0.000000
2013-06-11T15:49:58Z,33.641593,-117.833430,27.700001,22.000000,0.000000,0.000000
2013-06-11T15:50:13Z,33.641593,-117.833430,27.700001,25.000000,0.000000,0.000000
2013-06-11T15:50:27Z,33.641593,-117.833430,27.700001,21.000000,0.000000,0.000000
2013-06-11T15:50:43Z,33.641593,-117.833430,27.600000,24.000000,0.000000,0.000000
2013-06-11T15:51:06Z,33.641593,-117.833430,27.600000,16.000000,0.000000,0.000000
2013-06-11T15:51:23Z,33.641593,-117.833430,27.600000,35.000000,0.000000,0.000000
2013-06-11T15:51:40Z,33.641593,-117.833430,27.600000,36.000000,0.000000,0.000000
2013-06-11T15:52:07Z,33.641593,-117.833430,27.600000,34.000000,0.000000,0.000000
2013-06-11T15:52:26Z,33.641593,-117.833430,27.700001,22.000000,0.000000,0.000000
2013-06-11T15:52:59Z,33.641593,-117.833430,27.700001,23.000000,0.000000,0.000000
2013-06-11T15:53:15Z,33.641593,-117.833430,27.700001,37.000000,0.000000,0.000000
2013-06-11T15:53:41Z,33.641593,-117.833430,27.700001,28.000000,0.000000,0.000000
2013-06-11T15:54:04Z,33.641593,-117.833430,27.700001,49.000000,0.000000,0.000000
2013-06-11T15:56:13Z,33.641593,-117.833430,27.700001,153.000000,0.000000,0.000000
2013-06-11T15:58:32Z,33.641593,-117.833430,27.700001,230.000000,0.000000,0.000000
2013-06-11T16:00:31Z,33.641593,-117.833430,27.700001,50.000000,0.000000,0.000000
2013-06-11T16:00:52Z,33.641593,-117.833430,27.700001,49.000000,0.000000,0.000000
2013-06-11T16:01:45Z,33.641593,-117.833430,27.600000,44.000000,0.000000,0.000000
2013-06-11T16:02:31Z,33.641593,-117.833431,27.600000,44.000000,0.000000,0.000000
2013-06-11T16:03:13Z,33.641593,-117.833431,27.600000,81.000000,0.000000,0.000000
2013-06-11T16:03:58Z,33.641593,-117.833431,27.500000,53.000000,0.000000,0.000000
2013-06-11T16:06:15Z,33.641593,-117.833431,27.600000,24.000000,0.000000,0.000000
2013-06-11T16:06:26Z,33.641593,-117.833432,27.500000,7.000000,0.000000,0.000000
2013-06-11T16:06:37Z,33.641593,-117.833432,27.500000,37.000000,0.000000,0.000000
2013-06-11T16:06:47Z,33.641593,-117.833432,27.500000,161.000000,0.000000,0.000000
2013-06-11T16:06:58Z,33.641593,-117.833432,27.500000,31.000000,0.000000,0.000000
2013-06-11T16:07:09Z,33.641837,-117.833411,34.000000,13.000000,24.000000,1.750000
2013-06-11T16:07:20Z,33.642011,-117.833386,32.400002,10.000000,132.199997,1.000000
2013-06-11T16:07:31Z,33.641663,-117.833282,26.600000,5.000000,167.699997,3.000000
2013-06-11T16:07:42Z,33.641153,-117.833379,26.900000,6.000000,206.899994,4.250000
2013-06-11T16:07:53Z,33.640839,-117.833658,26.799999,3.000000,206.699997,3.500000
2013-06-11T16:08:04Z,33.640680,-117.833860,22.600000,5.000000,276.000000,2.500000
2013-06-11T16:08:15Z,33.640998,-117.834409,19.600000,5.000000,308.700012,6.000000
2013-06-11T16:08:25Z,33.641360,-117.834929,17.400000,4.000000,311.799988,6.250000
2013-06-11T16:08:36Z,33.641823,-117.835467,19.400000,5.000000,317.200012,5.750000
2013-06-11T16:08:46Z,33.642186,-117.835802,18.500000,5.000000,325.200012,5.250000
2013-06-11T16:08:57Z,33.642605,-117.836193,18.200001,5.000000,326.299988,5.500000
2013-06-11T16:09:08Z,33.642798,-117.836573,15.000000,5.000000,254.800003,5.500000
2013-06-11T16:09:19Z,33.642593,-117.837219,17.299999,6.000000,255.899994,5.500000
2013-06-11T16:09:30Z,33.642589,-117.837842,14.800000,7.000000,279.500000,5.500000
2013-06-11T16:09:41Z,33.642761,-117.838577,12.800000,5.000000,285.799988,6.500000
2013-06-11T16:09:51Z,33.642844,-117.839240,13.200000,6.000000,274.299988,5.750000
2013-06-11T16:10:02Z,33.642861,-117.839591,11.900000,10.000000,255.500000,2.000000
2013-06-11T16:10:12Z,33.642834,-117.839998,7.800000,8.000000,232.699997,2.000000
2013-06-11T16:10:23Z,33.642979,-117.840109,8.400000,13.000000,309.200012,2.500000
2013-06-11T16:10:33Z,33.643109,-117.840427,8.700000,12.000000,290.000000,1.500000
2013-06-11T16:10:44Z,33.643449,-117.840802,10.100000,5.000000,266.500000,0.250000
2013-06-11T16:10:55Z,33.643493,-117.840837,7.900000,4.000000,0.000000,0.000000
2013-06-11T16:11:06Z,33.643494,-117.840834,7.600000,10.000000,0.000000,0.000000
2013-06-11T16:11:17Z,33.643396,-117.840959,7.300000,13.000000,234.899994,1.750000
2013-06-11T16:11:27Z,33.643295,-117.841149,8.200000,11.000000,248.399994,1.500000
2013-06-11T16:11:38Z,33.643416,-117.841157,5.300000,11.000000,50.099998,0.500000
2013-06-11T16:11:49Z,33.643405,-117.841171,7.700000,9.000000,0.000000,0.000000
2013-06-11T16:12:00Z,33.643390,-117.841178,8.300000,11.000000,0.000000,0.000000
2013-06-11T16:12:11Z,33.643389,-117.841178,8.500000,10.000000,0.000000,0.000000
2013-06-11T16:12:22Z,33.643365,-117.841209,11.200000,10.000000,0.000000,0.000000
2013-06-11T16:12:33Z,33.643351,-117.841210,11.500000,9.000000,0.000000,0.000000
2013-06-11T16:12:44Z,33.643350,-117.841210,11.500000,10.000000,0.000000,0.000000
2013-06-11T16:12:55Z,33.643350,-117.841210,11.500000,11.000000,0.000000,0.000000
2013-06-11T16:13:05Z,33.643348,-117.841207,12.600000,10.000000,0.000000,0.000000
2013-06-11T16:13:34Z,33.643353,-117.841210,12.600000,30.000000,0.000000,0.000000
2013-06-11T16:14:00Z,33.643359,-117.841215,12.400000,29.000000,0.000000,0.000000
2013-06-11T16:14:15Z,33.643360,-117.841215,12.700000,18.000000,0.000000,0.000000
2013-06-11T16:14:30Z,33.643357,-117.841214,13.000000,16.000000,0.000000,0.000000
2013-06-11T16:14:46Z,33.643357,-117.841215,13.000000,12.000000,0.000000,0.000000
2013-06-11T16:15:38Z,33.643576,-117.841523,96.699997,15.000000,47.400002,2.136001
2013-06-11T18:55:26Z,33.643297,-117.841869,12.900000,17.000000,337.299988,1.500000
2013-06-11T18:55:40Z,33.643642,-117.841759,6.200000,12.000000,67.000000,1.677051
2013-06-11T18:55:54Z,33.643823,-117.841510,3.200000,8.000000,96.400002,1.250000
2013-06-11T18:56:08Z,33.644015,-117.841386,4.100000,9.000000,96.900002,1.581139
2013-06-11T18:56:22Z,33.643848,-117.841258,22.299999,16.000000,47.099998,2.692582
2013-06-11T18:56:36Z,33.644306,-117.841245,23.000000,10.000000,317.600006,2.061553
2013-06-11T18:56:50Z,33.644448,-117.841380,19.299999,10.000000,5.400000,0.559017
2013-06-11T18:57:04Z,33.644687,-117.841592,24.200001,12.000000,320.000000,1.500000
2013-06-11T18:57:18Z,33.644776,-117.841660,8.100000,12.000000,344.700012,0.901388
2013-06-11T18:57:33Z,33.645013,-117.841614,3.100000,12.000000,5.500000,1.000000
2013-06-11T18:57:47Z,33.645237,-117.841494,-4.600000,12.000000,76.699997,1.118034
2013-06-11T18:57:59Z,33.645326,-117.841405,9.300000,9.000000,76.699997,1.677051
2013-06-11T18:58:16Z,33.645605,-117.841187,13.800000,12.000000,41.500000,1.581139
2013-06-11T18:58:30Z,33.645534,-117.840861,-10.500000,9.000000,52.900002,1.250000
2013-06-11T18:58:44Z,33.645208,-117.840709,64.599998,20.000000,116.800003,1.414214
2013-06-11T18:59:02Z,33.645602,-117.840592,-32.599998,21.000000,351.700012,1.520691
2013-06-11T18:59:26Z,33.645741,-117.840938,-92.699997,29.000000,110.900002,2.358495
2013-06-11T18:59:51Z,33.645609,-117.840371,-25.100000,18.000000,20.900000,2.061553
2013-06-11T19:00:20Z,33.645668,-117.840884,39.799999,27.000000,204.899994,5.590170
2013-06-11T19:00:52Z,33.645859,-117.840314,71.800003,39.000000,208.100006,4.190763
2013-06-11T19:02:11Z,33.645527,-117.840603,19.900000,109.000000,0.000000,0.000000
2013-06-11T19:02:38Z,33.645597,-117.840537,9.000000,43.000000,0.000000,0.000000
2013-06-11T19:03:29Z,33.645599,-117.840530,7.000000,49.000000,0.000000,0.000000
2013-06-11T19:03:51Z,33.645597,-117.840534,6.900000,48.000000,0.000000,0.000000
2013-06-11T19:05:01Z,33.645588,-117.840520,12.500000,35.000000,0.000000,0.000000
2013-06-11T19:05:59Z,33.645507,-117.840631,29.799999,28.000000,0.000000,0.000000
2013-06-11T19:06:30Z,33.645560,-117.840630,7.700000,21.000000,0.000000,0.000000
2013-06-11T19:06:46Z,33.645570,-117.840633,5.000000,27.000000,0.000000,0.000000
2013-06-11T19:07:06Z,33.645609,-117.840728,-9.300000,13.000000,0.000000,0.000000
2013-06-11T19:07:21Z,33.645615,-117.840715,-11.100000,19.000000,0.000000,0.000000
2013-06-11T19:07:36Z,33.645592,-117.840741,-11.700000,19.000000,0.000000,0.000000
2013-06-11T19:07:54Z,33.645569,-117.840744,-13.100000,17.000000,0.000000,0.000000
2013-06-11T19:09:05Z,33.645549,-117.840692,-21.400000,9.000000,0.000000,0.000000
2013-06-11T19:09:26Z,33.645474,-117.840833,6.100000,14.000000,0.000000,0.000000
2013-06-11T19:09:42Z,33.645554,-117.840515,-52.900002,11.000000,108.900002,0.559017
2013-06-11T19:10:00Z,33.645448,-117.840799,-11.900000,14.000000,108.900002,1.581139
2013-06-11T19:10:24Z,33.645486,-117.840845,-8.700000,11.000000,108.900002,1.520691
2013-06-11T19:10:40Z,33.645490,-117.840699,-42.500000,14.000000,0.000000,0.500000
2013-06-11T19:10:56Z,33.645558,-117.840748,-9.200000,12.000000,0.000000,0.000000
2013-06-11T19:11:12Z,33.645547,-117.840750,-13.500000,17.000000,0.000000,0.000000
2013-06-11T19:11:27Z,33.645552,-117.840743,-12.800000,12.000000,0.000000,0.000000
2013-06-11T19:11:48Z,33.645548,-117.840729,-14.000000,13.000000,0.000000,0.000000
2013-06-11T19:12:01Z,33.645458,-117.840628,-33.400002,9.000000,54.000000,1.677051
2013-06-11T19:12:17Z,33.645553,-117.840669,18.299999,12.000000,165.000000,2.692582
2013-06-11T19:12:32Z,33.645564,-117.840716,-9.200000,32.000000,0.000000,0.000000
2013-06-11T19:12:47Z,33.645552,-117.840706,-9.100000,12.000000,0.000000,0.000000
2013-06-11T19:13:51Z,33.645557,-117.840712,-8.500000,19.000000,0.000000,0.000000
2013-06-11T19:14:55Z,33.645551,-117.840711,-8.700000,27.000000,0.000000,0.000000
2013-06-11T19:15:23Z,33.645552,-117.840709,-8.300000,17.000000,0.000000,0.000000
2013-06-11T19:15:48Z,33.645552,-117.840710,-8.100000,20.000000,0.000000,0.000000
2013-06-11T19:16:09Z,33.645552,-117.840711,-7.800000,26.000000,0.000000,0.000000
2013-06-11T19:16:39Z,33.645552,-117.840710,-8.400000,17.000000,0.000000,0.000000
2013-06-11T19:16:58Z,33.645561,-117.840716,-11.200000,11.000000,0.000000,0.000000
2013-06-11T19:17:12Z,33.645578,-117.840714,-16.400000,12.000000,0.000000,0.000000
2013-06-11T19:17:29Z,33.645584,-117.840727,-13.900000,9.000000,0.000000,0.000000
2013-06-11T19:18:05Z,33.645584,-117.840722,-14.500000,20.000000,0.000000,0.000000
2013-06-11T19:18:54Z,33.646296,-117.840735,-27.500000,6.000000,344.399994,0.750000
2013-06-11T19:20:38Z,33.647320,-117.841195,-29.100000,30.000000,315.299988,0.750000
2013-06-11T19:21:43Z,33.647350,-117.841137,-25.000000,38.000000,144.300003,1.000000
2013-06-11T19:22:08Z,33.647211,-117.841261,-15.800000,49.000000,164.600006,1.750000
2013-06-11T19:23:18Z,33.647394,-117.841043,-11.200000,34.000000,18.799999,1.000000
2013-06-11T19:24:44Z,33.647216,-117.841085,-47.799999,53.000000,200.300003,1.250000
2013-06-11T19:25:23Z,33.647738,-117.841321,-22.900000,44.000000,274.299988,0.750000
2013-06-11T19:25:42Z,33.647694,-117.841280,-6.400000,45.000000,274.299988,0.750000
2013-06-11T19:26:17Z,33.647585,-117.841209,-17.299999,47.000000,177.000000,0.500000
2013-06-11T19:26:42Z,33.647592,-117.841225,-27.299999,49.000000,190.899994,0.500000
2013-06-11T19:27:28Z,33.647498,-117.841156,-32.700001,49.000000,190.899994,0.750000
2013-06-11T19:28:06Z,33.648169,-117.841351,-31.100000,46.000000,346.799988,1.000000
2013-06-11T19:29:08Z,33.647616,-117.841213,0.700000,51.000000,181.199997,1.750000
2013-06-11T19:29:35Z,33.647445,-117.841120,-8.100000,51.000000,192.100006,0.750000
2013-06-11T19:30:06Z,33.647576,-117.841193,-0.400000,60.000000,192.699997,0.250000
2013-06-11T19:30:30Z,33.647408,-117.841113,4.500000,51.000000,175.100006,1.250000
2013-06-11T19:31:02Z,33.646699,-117.841001,-24.700001,41.000000,172.800003,3.500000
2013-06-11T19:31:25Z,33.646618,-117.840856,-28.200001,47.000000,166.500000,2.000000
2013-06-11T19:31:54Z,33.647143,-117.841069,-9.400000,43.000000,161.500000,1.250000
2013-06-11T19:32:14Z,33.647214,-117.841105,-8.700000,48.000000,331.799988,0.500000
2013-06-11T19:32:37Z,33.647287,-117.841131,-14.000000,46.000000,342.000000,0.250000
2013-06-11T19:32:56Z,33.647371,-117.841123,-8.500000,46.000000,345.299988,1.250000
2013-06-11T19:33:21Z,33.647837,-117.841154,-12.100000,44.000000,356.500000,2.750000
2013-06-11T19:33:43Z,33.647372,-117.841093,-18.000000,43.000000,170.600006,0.750000
2013-06-11T19:34:35Z,33.648324,-117.841308,-68.300003,57.000000,359.500000,0.750000
2013-06-11T19:35:18Z,33.647499,-117.841099,-61.099998,48.000000,97.000000,0.500000
2013-06-11T19:35:36Z,33.647168,-117.840956,-53.099998,48.000000,120.099998,2.750000
2013-06-11T19:36:21Z,33.646618,-117.840816,-44.200001,59.000000,164.800003,1.750000
2013-06-11T19:37:02Z,33.647006,-117.840934,-46.299999,45.000000,161.600006,0.750000
2013-06-11T19:37:56Z,33.646727,-117.840932,-70.099998,61.000000,170.000000,1.500000
2013-06-11T19:38:48Z,33.647474,-117.841095,-65.400002,58.000000,0.000000,0.000000
2013-06-11T19:39:37Z,33.647412,-117.841098,-67.900002,47.000000,0.000000,0.000000
2013-06-11T19:39:56Z,33.647411,-117.841097,-67.900002,47.000000,0.000000,0.000000
2013-06-11T19:45:39Z,33.647578,-117.841185,-48.799999,90.000000,344.299988,1.750000
2013-06-11T19:49:16Z,33.647986,-117.841242,-11.500000,13.000000,0.000000,0.000000
2013-06-11T19:50:07Z,33.647938,-117.841229,-11.400000,59.000000,0.000000,0.000000
2013-06-11T19:51:43Z,33.647894,-117.841213,-11.400000,24.000000,0.000000,0.000000
2013-06-11T20:10:45Z,33.647486,-117.841223,-12.500000,63.000000,0.000000,0.000000
2013-06-11T20:12:05Z,33.647550,-117.841186,-12.600000,114.000000,0.000000,0.000000
2013-06-11T20:13:59Z,33.647515,-117.841181,-12.500000,49.000000,0.000000,0.000000
2013-06-11T20:17:07Z,33.647627,-117.841184,-12.200000,84.000000,0.000000,0.000000
2013-06-11T20:22:52Z,33.647610,-117.841181,-12.200000,39.000000,0.000000,0.000000
2013-06-11T20:25:55Z,33.647552,-117.841237,24.400000,55.000000,0.000000,0.000000
2013-06-11T20:27:39Z,33.647470,-117.841193,24.100000,74.000000,0.000000,0.000000
2013-06-11T20:28:11Z,33.647506,-117.841224,22.200001,60.000000,0.000000,0.000000
2013-06-11T21:01:20Z,33.647405,-117.840981,-9.000000,84.000000,0.000000,0.000000
2013-06-11T21:01:55Z,33.647373,-117.840965,-8.100000,42.000000,0.000000,0.000000
2013-06-11T21:02:21Z,33.647405,-117.840973,-12.700000,51.000000,0.000000,0.000000
2013-06-11T21:02:59Z,33.647472,-117.841014,-4.400000,69.000000,0.000000,0.000000
2013-06-11T21:03:18Z,33.647470,-117.841014,-4.700000,49.000000,0.000000,0.000000
2013-06-11T21:03:47Z,33.647464,-117.841025,-6.400000,56.000000,0.000000,0.000000
2013-06-11T21:04:13Z,33.647454,-117.841019,-16.500000,45.000000,0.000000,0.000000
2013-06-11T21:06:03Z,33.647509,-117.841051,-18.400000,58.000000,0.000000,0.000000
2013-06-11T21:08:01Z,33.647521,-117.841055,-18.900000,119.000000,0.000000,0.000000
2013-06-11T21:10:46Z,33.647544,-117.841064,-18.799999,103.000000,0.000000,0.000000
2013-06-11T21:11:39Z,33.647551,-117.841067,-18.900000,46.000000,0.000000,0.000000
2013-06-11T21:12:29Z,33.647549,-117.841064,-18.299999,27.000000,0.000000,0.000000
2013-06-11T21:12:54Z,33.647556,-117.841073,-16.200001,44.000000,0.000000,0.000000
2013-06-11T21:14:17Z,33.647582,-117.841163,-16.700001,22.000000,323.600006,1.520691
2013-06-11T21:15:12Z,33.647524,-117.841079,-21.500000,39.000000,0.000000,0.000000
2013-06-11T21:17:26Z,33.647533,-117.841080,-23.000000,127.000000,0.000000,0.000000
2013-06-11T21:18:15Z,33.647543,-117.841084,-23.299999,40.000000,0.000000,0.000000
2013-06-11T21:20:20Z,33.631525,-117.838703,-495.700012,47.000000,170.300003,4.000000
2013-06-11T21:22:30Z,33.645752,-117.841037,-86.199997,94.000000,17.700001,1.250000
2013-06-11T21:22:56Z,33.646445,-117.840990,-64.599998,50.000000,64.300003,1.250000
2013-06-11T21:30:40Z,33.647657,-117.841211,-17.700001,55.000000,154.000000,1.000000
2013-06-11T21:33:29Z,33.647484,-117.841213,-66.199997,127.000000,98.000000,1.118034
2013-06-11T21:35:37Z,33.647709,-117.841044,56.900002,34.000000,190.000000,1.250000
2013-06-11T21:37:16Z,33.647728,-117.840784,9.000000,88.000000,6.200000,1.500000
2013-06-11T21:48:47Z,33.647745,-117.840970,9.600000,68.000000,0.000000,0.000000
2013-06-11T21:49:09Z,33.647688,-117.840984,9.500000,45.000000,0.000000,0.000000
2013-06-11T21:51:02Z,33.647745,-117.841027,10.000000,56.000000,0.000000,0.000000
2013-06-11T21:51:50Z,33.647708,-117.841043,9.900000,91.000000,0.000000,0.000000
2013-06-11T21:52:09Z,33.647725,-117.841055,9.900000,36.000000,0.000000,0.000000
2013-06-11T21:53:00Z,33.647195,-117.841100,6.900000,25.000000,0.000000,0.000000
2013-06-11T21:53:16Z,33.647067,-117.841187,4.800000,28.000000,0.000000,0.000000
2013-06-11T21:53:30Z,33.647010,-117.841229,4.700000,17.000000,166.100006,2.000000
2013-06-11T21:53:44Z,33.646524,-117.841474,0.100000,11.000000,204.300003,4.500000
2013-06-11T21:53:58Z,33.646408,-117.841503,-6.300000,18.000000,191.399994,1.000000
2013-06-11T21:54:12Z,33.646123,-117.841534,-7.400000,23.000000,187.399994,1.500000
2013-06-11T21:54:26Z,33.645834,-117.841483,-2.700000,16.000000,169.399994,2.250000
2013-06-11T21:54:45Z,33.645717,-117.841733,-10.200000,14.000000,217.699997,1.750000
2013-06-11T21:54:59Z,33.645479,-117.841650,-21.200001,14.000000,167.500000,2.000000
2013-06-11T21:55:10Z,33.645259,-117.841668,-25.100000,9.000000,159.100006,1.500000
2013-06-11T21:55:20Z,33.645101,-117.841554,-18.400000,4.000000,162.600006,1.750000
2013-06-11T21:55:30Z,33.644940,-117.841537,-16.299999,5.000000,204.899994,1.250000
2013-06-11T21:55:41Z,33.644734,-117.841471,-12.600000,9.000000,172.699997,2.250000
2013-06-11T21:55:52Z,33.644571,-117.841421,-10.600000,5.000000,186.899994,0.750000
2013-06-11T21:56:03Z,33.644461,-117.841422,-9.000000,8.000000,154.399994,1.000000
2013-06-11T21:56:14Z,33.644313,-117.841277,-5.400000,10.000000,147.600006,1.750000
2013-06-11T21:56:25Z,33.644201,-117.841186,-1.200000,10.000000,145.899994,1.500000
2013-06-11T21:56:36Z,33.644079,-117.841186,-4.100000,10.000000,207.800003,1.500000
2013-06-11T21:56:47Z,33.643925,-117.841283,-2.300000,11.000000,244.300003,1.750000
2013-06-11T21:56:58Z,33.643873,-117.841413,0.200000,12.000000,234.899994,1.250000
2013-06-11T21:57:09Z,33.643761,-117.841644,2.700000,14.000000,271.399994,1.750000
2013-06-11T21:57:20Z,33.643528,-117.841843,3.700000,12.000000,224.399994,1.500000
2013-06-11T21:57:31Z,33.643419,-117.841818,3.000000,11.000000,168.899994,1.000000
