time,lat,lon,elevation,accuracy,bearing,speed
2013-06-09T07:08:31Z,33.642858,-117.841619,33.500000,18.000000,0.000000,0.000000
2013-06-09T07:22:59Z,33.642960,-117.841616,23.900000,9.000000,1.300000,0.707107
2013-06-09T07:24:56Z,33.642893,-117.841693,7.200000,8.000000,0.000000,0.000000
2013-06-09T08:05:45Z,33.642765,-117.841733,11.100000,14.000000,0.000000,0.000000
2013-06-09T08:36:27Z,33.642902,-117.841726,28.100000,15.000000,175.899994,3.535534
2013-06-09T08:45:50Z,33.642808,-117.841677,-8.800000,5.000000,0.000000,0.000000
2013-06-09T08:53:59Z,33.642744,-117.841910,21.400000,9.000000,178.899994,6.731456
2013-06-09T08:54:14Z,33.642431,-117.841297,-8.700000,6.000000,80.400002,10.111875
2013-06-09T08:54:28Z,33.642758,-117.839571,-11.100000,7.000000,86.599998,12.539936
2013-06-09T08:54:56Z,33.642635,-117.836454,-3.800000,7.000000,89.300003,5.750000
2013-06-09T08:55:29Z,33.640712,-117.833889,-1.000000,18.000000,93.400002,5.500000
2013-06-09T08:55:43Z,33.641337,-117.833334,17.000000,12.000000,26.500000,6.500000
2013-06-09T08:55:56Z,33.641805,-117.833236,15.700000,9.000000,336.700012,3.750000
2013-06-09T08:56:09Z,33.642038,-117.833860,15.600000,13.000000,261.299988,3.500000
2013-06-09T08:56:27Z,33.641806,-117.833670,14.600000,8.000000,139.399994,1.802776
2013-06-09T08:56:46Z,33.641717,-117.833689,15.000000,16.000000,0.000000,0.000000
2013-06-09T08:58:14Z,33.641680,-117.833579,4.400000,24.000000,0.000000,0.000000
2013-06-09T09:04:57Z,33.641605,-117.833489,1.100000,19.000000,0.000000,0.000000
2013-06-09T12:02:26Z,33.641741,-117.833505,19.600000,36.000000,256.000000,0.500000
2013-06-09T12:02:42Z,33.641665,-117.833436,24.900000,35.000000,151.899994,1.000000
2013-06-09T12:02:59Z,33.641432,-117.833415,19.299999,29.000000,217.800003,1.250000
2013-06-09T12:03:31Z,33.641436,-117.833248,25.200001,30.000000,172.300003,0.250000
2013-06-09T12:04:03Z,33.641297,-117.833332,29.000000,31.000000,168.699997,1.000000
2013-06-09T12:04:35Z,33.641358,-117.833530,32.099998,29.000000,273.000000,1.000000
2013-06-09T12:05:07Z,33.641491,-117.833540,34.099998,22.000000,356.700012,0.750000
2013-06-09T12:05:22Z,33.641633,-117.833523,30.400000,22.000000,311.600006,0.750000
2013-06-09T12:05:53Z,33.641562,-117.833371,36.599998,18.000000,311.600006,0.250000
2013-06-09T12:06:24Z,33.641680,-117.833398,36.500000,24.000000,311.600006,0.750000
2013-06-09T12:06:39Z,33.641527,-117.833433,35.099998,26.000000,206.199997,1.000000
2013-06-09T12:06:54Z,33.641695,-117.833379,40.400002,19.000000,206.199997,0.500000
2013-06-09T12:07:26Z,33.641657,-117.833484,27.500000,43.000000,226.699997,1.250000
2013-06-09T12:07:56Z,33.641448,-117.833652,24.700001,55.000000,303.299988,1.000000
2013-06-09T12:08:12Z,33.641616,-117.833515,27.200001,29.000000,206.300003,0.500000
2013-06-09T12:08:30Z,33.641518,-117.833545,24.400000,46.000000,178.199997,1.000000
2013-06-09T12:08:47Z,33.641604,-117.833368,28.700001,30.000000,120.000000,1.250000
2013-06-09T12:09:18Z,33.641487,-117.833465,27.000000,30.000000,235.600006,1.000000
2013-06-09T12:09:35Z,33.641543,-117.833603,30.700001,36.000000,253.600006,0.750000
2013-06-09T12:10:23Z,33.641387,-117.833592,23.900000,32.000000,184.000000,1.250000
2013-06-09T12:11:05Z,33.641426,-117.833753,25.700001,47.000000,169.399994,1.000000
2013-06-09T12:11:30Z,33.641274,-117.833547,24.000000,41.000000,172.000000,1.750000
2013-06-09T12:11:49Z,33.641331,-117.833338,28.400000,40.000000,171.399994,1.500000
2013-06-09T12:12:06Z,33.641223,-117.833292,16.500000,32.000000,211.399994,1.000000
2013-06-09T12:12:22Z,33.641668,-117.833258,48.700001,40.000000,334.100006,0.750000
2013-06-09T12:12:48Z,33.641510,-117.833160,50.099998,59.000000,155.300003,1.750000
2013-06-09T12:13:05Z,33.641640,-117.833330,45.900002,29.000000,221.800003,1.000000
2013-06-09T12:13:21Z,33.641581,-117.833458,35.599998,28.000000,243.300003,0.750000
2013-06-09T12:15:20Z,33.641325,-117.833587,27.299999,103.000000,187.199997,0.500000
2013-06-09T12:15:37Z,33.641431,-117.833523,35.099998,25.000000,187.199997,0.500000
2013-06-09T12:15:52Z,33.641488,-117.833417,32.099998,23.000000,269.700012,0.750000
2013-06-09T12:16:09Z,33.641557,-117.833525,30.799999,22.000000,288.799988,1.500000
2013-06-09T12:16:25Z,33.641621,-117.833635,28.700001,25.000000,245.899994,0.500000
2013-06-09T12:17:14Z,33.641670,-117.833477,42.400002,24.000000,241.100006,0.500000
2013-06-09T12:18:02Z,33.641471,-117.833503,11.000000,23.000000,211.699997,1.000000
2013-06-09T12:18:18Z,33.641791,-117.833557,24.500000,30.000000,8.900000,1.250000
2013-06-09T12:18:35Z,33.642018,-117.833382,31.400000,34.000000,41.400002,1.500000
2013-06-09T12:18:52Z,33.641462,-117.833497,26.400000,30.000000,208.800003,1.250000
2013-06-09T12:19:34Z,33.641326,-117.833524,33.599998,73.000000,0.000000,0.000000
2013-06-09T12:19:49Z,33.641460,-117.833441,38.299999,26.000000,0.000000,0.000000
2013-06-09T12:20:04Z,33.641531,-117.833364,40.400002,22.000000,0.000000,0.000000
2013-06-09T12:21:31Z,33.641626,-117.833395,41.099998,35.000000,0.000000,0.000000
2013-06-09T12:28:36Z,33.641418,-117.833486,43.500000,26.000000,226.399994,1.250000
2013-06-09T12:28:53Z,33.641315,-117.833597,34.500000,27.000000,225.699997,0.500000
2013-06-09T12:29:08Z,33.641404,-117.833485,35.599998,23.000000,225.699997,0.250000
2013-06-09T12:29:38Z,33.641482,-117.833429,40.299999,19.000000,225.699997,0.500000
2013-06-09T12:30:44Z,33.641555,-117.833513,20.200001,22.000000,225.699997,0.500000
2013-06-09T12:31:30Z,33.641385,-117.833543,20.299999,23.000000,207.399994,1.250000
2013-06-09T12:32:01Z,33.641478,-117.833545,18.299999,18.000000,265.299988,0.500000
2013-06-09T12:32:17Z,33.641545,-117.833624,20.299999,30.000000,300.600006,1.000000
2013-06-09T12:32:51Z,33.641442,-117.833424,20.100000,36.000000,151.300003,0.500000
2013-06-09T12:33:08Z,33.641554,-117.833481,19.200001,37.000000,151.300003,0.500000
2013-06-09T12:33:45Z,33.641440,-117.833493,23.900000,47.000000,188.399994,0.750000
2013-06-09T12:34:02Z,33.641609,-117.833425,30.100000,31.000000,178.699997,1.000000
2013-06-09T12:36:29Z,33.641751,-117.833336,28.900000,43.000000,0.000000,0.000000
2013-06-09T12:41:13Z,33.641650,-117.833385,17.000000,35.000000,0.000000,0.000000
2013-06-09T13:07:06Z,33.641695,-117.833514,19.700001,44.000000,162.100006,1.250000
2013-06-09T13:08:18Z,33.641465,-117.833297,22.500000,17.000000,117.300003,0.500000
2013-06-09T13:09:00Z,33.641738,-117.833278,15.700000,16.000000,173.500000,0.250000
2013-06-09T13:09:19Z,33.641645,-117.833349,2.400000,22.000000,294.399994,1.000000
2013-06-09T13:09:38Z,33.641531,-117.833345,17.799999,12.000000,197.300003,2.250000
2013-06-09T13:09:58Z,33.641664,-117.833418,19.299999,30.000000,0.000000,0.000000
2013-06-09T13:12:23Z,33.641525,-117.833384,19.100000,22.000000,245.000000,1.250000
2013-06-09T13:12:50Z,33.641561,-117.833540,18.299999,24.000000,338.600006,1.000000
2013-06-09T13:13:36Z,33.641661,-117.833420,19.600000,33.000000,0.000000,0.000000
2013-06-09T13:18:00Z,33.641784,-117.833273,79.699997,14.000000,121.699997,2.136001
2013-06-09T13:18:16Z,33.641615,-117.833392,23.900000,12.000000,170.399994,4.190763
2013-06-09T14:31:37Z,33.641683,-117.833528,16.700001,17.000000,182.000000,1.000000
2013-06-09T14:31:55Z,33.641586,-117.833414,26.799999,25.000000,0.000000,0.000000
2013-06-09T14:44:47Z,33.641648,-117.833528,26.900000,19.000000,251.100006,0.750000
2013-06-09T14:45:46Z,33.641586,-117.833413,24.400000,31.000000,0.000000,0.000000
2013-06-09T17:23:26Z,33.641201,-117.833940,22.400000,23.000000,234.199997,2.500000
2013-06-09T17:23:59Z,33.641270,-117.833683,28.600000,30.000000,234.699997,0.500000
2013-06-09T17:24:37Z,33.641695,-117.833448,30.000000,42.000000,59.299999,2.250000
2013-06-09T17:24:59Z,33.641795,-117.833209,31.400000,19.000000,48.900002,0.250000
2013-06-09T17:25:55Z,33.641438,-117.833334,52.500000,40.000000,237.000000,3.605551
2013-06-09T17:26:17Z,33.641818,-117.833217,17.299999,29.000000,60.599998,0.250000
2013-06-09T17:26:35Z,33.641463,-117.833587,-20.600000,35.000000,168.300003,0.750000
2013-06-09T17:29:17Z,33.641562,-117.833324,53.900002,13.000000,72.300003,2.015564
2013-06-09T17:29:38Z,33.641728,-117.833629,23.200001,30.000000,168.399994,0.901388
2013-06-09T17:29:59Z,33.641730,-117.833112,14.700000,9.000000,201.600006,0.500000
2013-06-09T17:30:15Z,33.641731,-117.833391,-14.300000,29.000000,202.800003,1.000000
2013-06-09T17:30:40Z,33.641535,-117.833560,-11.300000,29.000000,210.899994,0.250000
2013-06-09T17:31:50Z,33.641402,-117.833576,3.100000,45.000000,0.000000,0.000000
2013-06-09T17:34:15Z,33.641501,-117.833434,24.200001,33.000000,0.000000,0.000000
2013-06-09T18:34:45Z,33.641499,-117.833620,6.700000,15.000000,20.700001,2.250000
2013-06-09T18:35:04Z,33.641632,-117.833647,18.900000,12.000000,226.600006,1.250000
2013-06-09T18:35:20Z,33.641606,-117.833522,11.000000,8.000000,297.899994,1.000000
2013-06-09T18:35:35Z,33.641713,-117.833500,18.500000,17.000000,221.399994,0.250000
2013-06-09T18:36:25Z,33.641579,-117.833581,-18.400000,17.000000,109.000000,1.500000
2013-06-09T18:36:47Z,33.641567,-117.833434,24.799999,39.000000,0.000000,0.000000
2013-06-09T18:37:15Z,33.641537,-117.833979,23.700001,9.000000,300.299988,5.500000
2013-06-09T18:37:29Z,33.642103,-117.833828,21.799999,12.000000,71.199997,3.250000
2013-06-09T18:37:42Z,33.642164,-117.833370,18.500000,14.000000,25.299999,4.500000
2013-06-09T18:37:55Z,33.642680,-117.833237,20.299999,18.000000,6.200000,5.250000
2013-06-09T18:38:08Z,33.643036,-117.833966,31.100000,14.000000,274.799988,7.000000
2013-06-09T18:38:21Z,33.643279,-117.835061,17.799999,23.000000,293.299988,5.500000
2013-06-09T18:38:35Z,33.644022,-117.835477,18.200001,25.000000,13.700000,12.500000
2013-06-09T18:38:49Z,33.646171,-117.835096,13.300000,17.000000,2.800000,18.000000
2013-06-09T18:39:02Z,33.647480,-117.835243,-4.500000,12.000000,357.899994,5.250000
2013-06-09T18:39:15Z,33.647951,-117.835312,-7.700000,11.000000,330.799988,6.500000
2013-06-09T18:39:28Z,33.648080,-117.836768,-7.600000,9.000000,280.600006,13.250000
2013-06-09T18:39:42Z,33.648686,-117.837609,-11.900000,10.000000,25.500000,10.500000
2013-06-09T18:39:56Z,33.649558,-117.837076,-12.300000,9.000000,20.900000,7.750000
2013-06-09T18:40:16Z,33.651385,-117.837226,-16.299999,9.000000,321.299988,1.500000
2013-06-09T18:40:30Z,33.651810,-117.838261,-4.800000,7.000000,281.000000,12.000000
2013-06-09T18:40:44Z,33.652055,-117.839818,-8.300000,18.000000,306.200012,5.750000
2013-06-09T18:40:58Z,33.652615,-117.840808,-13.600000,15.000000,314.600006,10.750000
2013-06-09T18:41:13Z,33.652684,-117.841519,-7.100000,8.000000,198.100006,5.250000
2013-06-09T18:41:26Z,33.652019,-117.841298,-16.600000,13.000000,207.100006,4.250000
2013-06-09T18:41:56Z,33.652033,-117.841489,-21.500000,9.000000,0.000000,0.000000
2013-06-09T18:43:13Z,33.652047,-117.841297,-20.400000,24.000000,59.700001,7.250000
2013-06-09T18:43:27Z,33.652133,-117.840982,-8.800000,10.000000,343.500000,2.500000
2013-06-09T18:43:41Z,33.652577,-117.841370,1.100000,11.000000,321.100006,5.500000
2013-06-09T18:43:55Z,33.652952,-117.840746,17.299999,15.000000,65.199997,2.000000
2013-06-09T18:44:09Z,33.652285,-117.840153,-6.900000,14.000000,128.300003,6.250000
2013-06-09T18:44:23Z,33.652727,-117.839425,1.200000,10.000000,29.799999,13.000000
2013-06-09T18:44:36Z,33.653247,-117.838518,-5.200000,10.000000,102.699997,6.250000
2013-06-09T18:44:51Z,33.652041,-117.837315,-7.700000,10.000000,131.500000,9.750000
2013-06-09T18:45:05Z,33.651980,-117.837168,-7.000000,11.000000,277.799988,1.250000
2013-06-09T18:45:19Z,33.651869,-117.837062,-7.100000,14.000000,0.000000,0.000000
2013-06-09T18:45:33Z,33.651689,-117.836605,-3.900000,14.000000,120.400002,13.250000
2013-06-09T18:45:47Z,33.651072,-117.834031,-22.200001,13.000000,95.099998,18.250000
2013-06-09T18:46:00Z,33.651264,-117.831839,-8.500000,18.000000,66.900002,14.250000
2013-06-09T18:46:14Z,33.651004,-117.830847,-3.800000,16.000000,145.100006,10.750000
2013-06-09T18:46:29Z,33.650023,-117.830864,-12.600000,8.000000,190.600006,6.250000
2013-06-09T18:46:53Z,33.649926,-117.830997,-12.100000,7.000000,81.800003,0.500000
2013-06-09T18:47:10Z,33.650208,-117.830947,-25.900000,24.000000,81.800003,0.250000
2013-06-09T18:47:28Z,33.649816,-117.830840,-3.100000,8.000000,198.500000,1.000000
2013-06-09T18:47:40Z,33.649785,-117.831107,-3.600000,7.000000,292.899994,1.000000
2013-06-09T18:47:54Z,33.649845,-117.831245,-2.600000,11.000000,0.000000,0.000000
2013-06-09T18:48:51Z,33.650014,-117.831453,-5.000000,7.000000,4.500000,1.750000
2013-06-09T18:49:07Z,33.649885,-117.831290,-1.900000,15.000000,0.000000,0.000000
2013-06-09T19:01:19Z,33.649873,-117.830995,18.299999,16.000000,0.000000,0.000000
2013-06-09T19:03:31Z,33.649880,-117.831347,0.600000,9.000000,283.700012,4.500000
2013-06-09T19:03:45Z,33.649443,-117.831877,-2.500000,18.000000,198.600006,7.500000
2013-06-09T19:04:19Z,33.648401,-117.832521,-7.600000,9.000000,248.199997,8.750000
2013-06-09T19:04:44Z,33.648403,-117.835461,-12.500000,14.000000,278.600006,8.250000
2013-06-09T19:05:14Z,33.649424,-117.835378,-21.799999,12.000000,28.400000,4.750000
2013-06-09T19:05:39Z,33.651124,-117.834558,-25.799999,11.000000,92.699997,11.000000
2013-06-09T19:05:53Z,33.651304,-117.832309,-23.100000,9.000000,68.300003,16.750000
2013-06-09T19:06:08Z,33.651781,-117.830845,-14.900000,12.000000,55.400002,11.750000
2013-06-09T19:06:22Z,33.652888,-117.828955,-21.500000,9.000000,63.500000,17.000000
2013-06-09T19:06:37Z,33.653516,-117.827150,-20.200001,5.000000,63.200001,4.000000
2013-06-09T19:06:50Z,33.653658,-117.826900,-18.000000,15.000000,0.000000,0.000000
2013-06-09T19:07:39Z,33.655462,-117.827542,-19.900000,6.000000,345.299988,16.250000
2013-06-09T19:08:06Z,33.657600,-117.827765,-18.400000,9.000000,358.200012,10.250000
2013-06-09T19:08:22Z,33.659329,-117.827620,-5.200000,7.000000,355.799988,12.250000
2013-06-09T19:08:37Z,33.661265,-117.827591,4.000000,14.000000,359.100006,12.000000
2013-06-09T19:08:53Z,33.663661,-117.827290,7.600000,9.000000,14.500000,15.250000
2013-06-09T19:09:06Z,33.665078,-117.826808,9.400000,8.000000,25.299999,13.500000
2013-06-09T19:09:20Z,33.665377,-117.825630,-8.700000,14.000000,0.000000,0.000000
2013-06-09T19:09:33Z,33.664804,-117.824955,-2.800000,11.000000,126.300003,9.750000
2013-06-09T19:09:48Z,33.663723,-117.823116,-6.400000,12.000000,114.400002,14.750000
2013-06-09T19:10:01Z,33.663156,-117.821137,11.600000,8.000000,107.900002,13.500000
2013-06-09T19:10:16Z,33.663060,-117.819847,20.600000,13.000000,92.099998,10.250000
2013-06-09T19:10:42Z,33.663784,-117.816769,0.400000,5.000000,63.000000,4.500000
2013-06-09T19:11:17Z,33.663644,-117.816406,-8.600000,7.000000,16.100000,1.000000
2013-06-09T19:11:31Z,33.663741,-117.816396,-6.300000,7.000000,0.000000,0.000000
2013-06-09T19:12:17Z,33.663481,-117.816310,-6.000000,7.000000,23.400000,1.000000
2013-06-09T19:12:51Z,33.663695,-117.816387,-6.700000,9.000000,0.000000,0.000000
2013-06-09T19:17:07Z,33.663682,-117.816280,-2.800000,10.000000,0.000000,0.000000
2013-06-09T19:17:56Z,33.663762,-117.816013,-6.600000,8.000000,279.500000,0.750000
2013-06-09T19:18:10Z,33.663840,-117.816286,-52.400002,14.000000,174.600006,2.500000
2013-06-09T19:18:24Z,33.663678,-117.816276,-2.900000,9.000000,0.000000,0.000000
2013-06-09T19:20:36Z,33.663857,-117.816286,-2.700000,10.000000,336.500000,2.500000
2013-06-09T19:20:56Z,33.663679,-117.816261,-5.200000,23.000000,0.000000,0.000000
2013-06-09T19:24:37Z,33.663702,-117.816129,30.200001,12.000000,32.299999,0.250000
2013-06-09T19:24:57Z,33.663676,-117.816258,-4.000000,9.000000,0.000000,0.000000
2013-06-09T19:56:37Z,33.663295,-117.816312,-3.900000,4.000000,192.100006,1.500000
2013-06-09T20:06:08Z,33.663599,-117.816139,-7.100000,11.000000,39.900002,0.750000
2013-06-09T20:06:22Z,33.663623,-117.816010,1.500000,11.000000,39.900002,0.500000
2013-06-09T20:07:48Z,33.663655,-117.816120,0.300000,24.000000,0.000000,0.000000
2013-06-09T20:21:26Z,33.663795,-117.816423,2.500000,11.000000,13.300000,1.000000
2013-06-09T20:21:47Z,33.663888,-117.816413,-1.600000,26.000000,60.700001,1.000000
2013-06-09T20:22:09Z,33.663581,-117.816482,-5.700000,21.000000,204.500000,1.500000
2013-06-09T20:22:26Z,33.663703,-117.816439,-9.700000,25.000000,204.500000,0.750000
2013-06-09T20:22:45Z,33.663889,-117.818341,-2.700000,47.000000,269.799988,14.500000
2013-06-09T20:23:02Z,33.663974,-117.819994,0.600000,33.000000,16.900000,9.750000
2013-06-09T20:23:20Z,33.665031,-117.819529,-19.000000,28.000000,11.200000,1.000000
2013-06-09T20:23:39Z,33.665410,-117.819900,-18.000000,34.000000,319.799988,3.750000
2013-06-09T20:23:57Z,33.665102,-117.820031,-10.500000,17.000000,92.599998,6.250000
2013-06-09T20:24:11Z,33.665211,-117.819771,-6.200000,23.000000,79.500000,0.250000
2013-06-09T20:24:26Z,33.665113,-117.819798,-9.300000,19.000000,79.500000,0.500000
2013-06-09T20:24:40Z,33.665085,-117.819640,-13.900000,23.000000,137.199997,2.000000
2013-06-09T20:24:56Z,33.663893,-117.819815,-13.200000,17.000000,198.500000,10.000000
2013-06-09T20:25:20Z,33.663401,-117.822105,-15.600000,42.000000,284.799988,13.000000
2013-06-09T20:26:53Z,33.663690,-117.827601,-42.900002,56.000000,199.100006,15.250000
2013-06-09T20:27:18Z,33.662335,-117.827789,-16.000000,44.000000,158.699997,1.000000
2013-06-09T20:27:47Z,33.659784,-117.827763,-19.200001,50.000000,181.100006,17.750000
2013-06-09T20:28:08Z,33.656139,-117.827957,-20.700001,48.000000,0.000000,0.000000
2013-06-09T20:28:32Z,33.653585,-117.826933,-20.600000,29.000000,175.500000,8.500000
2013-06-09T20:30:02Z,33.651757,-117.836683,0.000000,30.000000,287.700012,3.500000
2013-06-09T20:30:22Z,33.651746,-117.837647,-8.000000,41.000000,272.299988,7.250000
2013-06-09T20:30:46Z,33.651926,-117.839927,-4.400000,54.000000,276.700012,8.250000
2013-06-09T20:32:44Z,33.652109,-117.841416,-10.100000,41.000000,137.199997,0.250000
2013-06-09T20:33:45Z,33.652035,-117.841690,2.600000,89.000000,244.000000,0.500000
2013-06-09T20:34:21Z,33.652198,-117.841431,-16.700001,49.000000,68.199997,0.250000
2013-06-09T20:35:33Z,33.651976,-117.841702,-13.700000,39.000000,220.000000,1.500000
2013-06-09T20:35:50Z,33.651876,-117.841734,-13.100000,24.000000,226.100006,1.000000
2013-06-09T20:36:10Z,33.651796,-117.841829,-17.400000,41.000000,226.100006,0.750000
2013-06-09T20:36:29Z,33.651885,-117.841859,-23.299999,47.000000,226.100006,0.500000
2013-06-09T20:36:49Z,33.651985,-117.841633,-26.299999,36.000000,95.300003,1.250000
2013-06-09T20:37:09Z,33.652106,-117.841321,-23.100000,49.000000,51.799999,2.000000
2013-06-09T20:39:08Z,33.652074,-117.841725,-22.600000,57.000000,53.700001,0.500000
2013-06-09T20:39:32Z,33.652193,-117.841690,-25.000000,53.000000,7.600000,2.250000
2013-06-09T20:39:58Z,33.652252,-117.841392,-6.900000,42.000000,29.000000,1.750000
2013-06-09T20:40:38Z,33.652124,-117.841435,-8.400000,42.000000,47.700001,0.500000
2013-06-09T20:41:38Z,33.651920,-117.841729,-3.600000,42.000000,230.500000,1.000000
2013-06-09T20:41:57Z,33.651805,-117.841785,-7.900000,43.000000,209.199997,0.750000
2013-06-09T20:42:25Z,33.652033,-117.841482,-11.300000,58.000000,77.500000,1.000000
2013-06-09T20:42:57Z,33.652039,-117.841647,-8.000000,35.000000,276.200012,1.250000
2013-06-09T20:43:30Z,33.651938,-117.841962,-9.000000,51.000000,246.500000,0.500000
2013-06-09T20:43:47Z,33.651836,-117.841825,-8.500000,37.000000,179.399994,0.750000
2013-06-09T20:44:30Z,33.652546,-117.841289,-39.900002,26.000000,83.400002,3.000000
2013-06-09T20:44:47Z,33.652173,-117.840311,-11.100000,34.000000,126.900002,7.500000
2013-06-09T20:45:13Z,33.651688,-117.837847,-12.400000,42.000000,0.000000,0.000000
2013-06-09T20:45:28Z,33.650868,-117.837043,-11.400000,29.000000,162.600006,7.250000
2013-06-09T20:46:02Z,33.648489,-117.837746,-9.000000,39.000000,207.000000,11.500000
2013-06-09T20:46:19Z,33.648221,-117.838000,-5.100000,41.000000,183.899994,0.500000
2013-06-09T20:46:36Z,33.648365,-117.837903,-3.500000,29.000000,357.000000,1.000000
2013-06-09T20:48:11Z,33.647773,-117.834982,-9.100000,46.000000,0.000000,0.000000
2013-06-09T20:48:27Z,33.646547,-117.835144,-2.400000,30.000000,173.899994,6.250000
2013-06-09T20:48:43Z,33.646256,-117.835127,-5.500000,23.000000,295.200012,2.250000
2013-06-09T20:48:59Z,33.645287,-117.835462,-8.900000,29.000000,186.399994,12.750000
2013-06-09T20:49:16Z,33.643471,-117.835777,1.000000,28.000000,215.000000,9.750000
2013-06-09T20:49:31Z,33.642893,-117.836391,-1.400000,20.000000,228.300003,5.000000
2013-06-09T20:49:46Z,33.641994,-117.836284,5.400000,33.000000,152.399994,8.500000
2013-06-09T20:50:05Z,33.640819,-117.834430,4.800000,33.000000,107.800003,7.500000
2013-06-09T20:50:25Z,33.641449,-117.833366,2.100000,31.000000,21.000000,6.250000
2013-06-09T20:50:46Z,33.641891,-117.833356,8.600000,32.000000,242.899994,1.250000
2013-06-09T20:51:16Z,33.641709,-117.833366,39.000000,20.000000,128.000000,0.750000
2013-06-09T20:51:26Z,33.641656,-117.833519,28.400000,16.000000,250.000000,1.500000
2013-06-09T20:53:38Z,33.641472,-117.833264,30.700001,39.000000,241.100006,0.500000
2013-06-09T20:53:53Z,33.641628,-117.833292,28.799999,24.000000,241.100006,0.750000
2013-06-09T20:54:08Z,33.641498,-117.833418,21.799999,24.000000,231.600006,1.000000
2013-06-09T20:54:24Z,33.641627,-117.833444,19.400000,20.000000,231.600006,0.500000
2013-06-09T20:54:57Z,33.641518,-117.833462,27.600000,16.000000,231.600006,0.500000
2013-06-09T20:55:52Z,33.641670,-117.833353,20.600000,32.000000,354.899994,0.250000
2013-06-09T20:56:30Z,33.641551,-117.833437,26.400000,20.000000,354.899994,0.250000
2013-06-09T20:56:48Z,33.641659,-117.833487,25.799999,14.000000,354.899994,0.500000
2013-06-09T20:58:13Z,33.641527,-117.833394,27.900000,18.000000,0.000000,0.000000
2013-06-09T20:59:28Z,33.641809,-117.833469,14.400000,20.000000,155.600006,0.750000
2013-06-09T21:00:27Z,33.641801,-117.833319,28.400000,23.000000,207.500000,0.500000
2013-06-09T21:01:10Z,33.641744,-117.833469,34.400002,21.000000,234.800003,1.000000
2013-06-09T21:03:33Z,33.641723,-117.833574,27.000000,20.000000,214.500000,1.000000
2013-06-09T21:03:54Z,33.641332,-117.833485,36.799999,26.000000,229.100006,0.500000
2013-06-09T21:04:25Z,33.641901,-117.833568,37.599998,30.000000,229.100006,0.250000
2013-06-09T21:05:01Z,33.641645,-117.833369,-1.000000,27.000000,34.299999,0.500000
2013-06-09T21:06:00Z,33.641647,-117.833509,38.400002,16.000000,34.299999,0.500000
2013-06-09T21:06:30Z,33.641686,-117.833407,8.000000,14.000000,34.299999,0.500000
2013-06-09T21:06:46Z,33.641642,-117.833520,25.000000,18.000000,34.299999,0.500000
2013-06-09T21:07:53Z,33.641832,-117.833475,10.600000,24.000000,34.299999,0.500000
2013-06-09T21:08:41Z,33.641743,-117.833405,19.299999,19.000000,143.300003,0.500000
2013-06-09T21:09:30Z,33.641615,-117.833469,20.000000,29.000000,143.300003,0.500000
2013-06-09T21:09:45Z,33.641712,-117.833441,33.000000,17.000000,0.000000,0.000000
2013-06-09T21:25:59Z,33.641858,-117.833510,14.800000,9.000000,0.000000,0.000000
2013-06-09T21:26:29Z,33.641955,-117.833521,17.400000,9.000000,345.399994,0.500000
2013-06-09T21:26:42Z,33.641777,-117.833318,16.500000,15.000000,149.699997,4.500000
2013-06-09T21:26:55Z,33.641354,-117.833311,-0.500000,14.000000,193.800003,3.750000
2013-06-09T21:27:08Z,33.640713,-117.833897,5.600000,5.000000,253.699997,5.000000
2013-06-09T21:27:21Z,33.641511,-117.835215,13.000000,8.000000,314.899994,14.750000
2013-06-09T21:27:36Z,33.642522,-117.836350,10.900000,16.000000,327.299988,3.000000
2013-06-09T21:27:49Z,33.642624,-117.836378,13.800000,5.000000,316.899994,4.000000
2013-06-09T21:28:12Z,33.642925,-117.839359,2.000000,5.000000,292.000000,16.750000
2013-06-09T21:28:28Z,33.642520,-117.841656,-0.200000,9.000000,257.000000,7.000000
2013-06-09T21:28:42Z,33.642790,-117.841864,-0.300000,12.000000,86.199997,0.750000
2013-06-09T21:29:32Z,33.642953,-117.842114,0.000000,16.000000,308.799988,1.500000
2013-06-09T21:29:55Z,33.643212,-117.842147,4.900000,8.000000,0.000000,0.000000
2013-06-10T02:11:35Z,33.643067,-117.842198,-10.200000,29.000000,0.000000,0.000000
2013-06-10T02:11:49Z,33.643017,-117.842098,20.400000,12.000000,126.300003,1.750000
2013-06-10T02:12:02Z,33.643020,-117.842046,18.500000,14.000000,0.000000,0.000000
2013-06-10T02:12:16Z,33.642889,-117.841742,-6.000000,14.000000,0.000000,0.000000
2013-06-10T02:12:30Z,33.642860,-117.841664,-7.000000,10.000000,0.000000,0.000000
2013-06-10T02:12:42Z,33.642860,-117.841713,-4.900000,9.000000,0.000000,0.000000
2013-06-10T02:12:55Z,33.642830,-117.841732,-9.000000,20.000000,198.399994,5.250000
2013-06-10T02:13:08Z,33.642207,-117.842865,-7.400000,16.000000,247.399994,10.500000
2013-06-10T02:13:22Z,33.641624,-117.844935,6.500000,17.000000,265.600006,14.389667
2013-06-10T02:13:36Z,33.641386,-117.847063,-40.599998,20.000000,265.200012,18.500000
2013-06-10T02:13:50Z,33.642720,-117.849110,-15.200000,12.000000,0.000000,0.000000
2013-06-10T02:14:02Z,33.644461,-117.849218,-14.700000,9.000000,7.400000,16.000000
2013-06-10T02:14:16Z,33.646242,-117.848746,-12.100000,9.000000,351.799988,8.000000
2013-06-10T02:14:36Z,33.648237,-117.847105,8.700000,33.000000,0.000000,0.000000
2013-06-10T02:14:49Z,33.648816,-117.846042,-29.299999,10.000000,31.900000,0.500000
2013-06-10T02:15:03Z,33.649004,-117.844926,-15.200000,15.000000,79.000000,14.000000
2013-06-10T02:15:18Z,33.649919,-117.842895,2.700000,10.000000,30.700001,13.500000
2013-06-10T02:15:33Z,33.650931,-117.842018,-16.700001,19.000000,48.099998,3.750000
2013-06-10T02:15:47Z,33.650913,-117.841883,9.000000,22.000000,0.000000,0.000000
2013-06-10T02:16:02Z,33.650898,-117.841870,9.200000,16.000000,71.500000,1.750000
2013-06-10T02:16:15Z,33.651490,-117.840633,4.300000,11.000000,52.200001,12.250000
2013-06-10T02:16:30Z,33.651897,-117.840204,0.000000,16.000000,168.300003,2.015564
2013-06-10T02:16:43Z,33.652566,-117.840684,-2.500000,13.000000,310.799988,10.250000
2013-06-10T02:16:56Z,33.652825,-117.841421,-10.700000,15.000000,240.800003,5.750000
2013-06-10T02:17:31Z,33.651969,-117.841711,-24.200001,11.000000,0.000000,0.000000
2013-06-10T02:18:38Z,33.651975,-117.841728,-17.000000,47.000000,0.000000,0.000000
2013-06-10T02:18:54Z,33.651973,-117.841719,-19.200001,31.000000,0.000000,0.000000
2013-06-10T02:19:12Z,33.651977,-117.841710,-19.400000,49.000000,0.000000,0.000000
2013-06-10T02:19:26Z,33.651977,-117.841705,-20.100000,12.000000,0.000000,0.000000
2013-06-10T02:19:40Z,33.651974,-117.841689,-18.400000,10.000000,0.000000,0.000000
2013-06-10T02:20:04Z,33.651975,-117.841689,-18.500000,42.000000,0.000000,0.000000
2013-06-10T02:20:19Z,33.651963,-117.841682,-17.900000,26.000000,0.000000,0.000000
2013-06-10T02:20:33Z,33.651966,-117.841667,-14.200000,11.000000,0.000000,0.000000
2013-06-10T02:20:46Z,33.651960,-117.841663,-13.700000,19.000000,0.000000,0.000000
2013-06-10T02:21:00Z,33.651962,-117.841675,-15.200000,15.000000,0.000000,0.000000
2013-06-10T02:21:15Z,33.651961,-117.841679,-15.400000,14.000000,0.000000,0.000000
2013-06-10T02:21:30Z,33.651959,-117.841682,-15.800000,23.000000,0.000000,0.000000
2013-06-10T02:21:47Z,33.651960,-117.841681,-15.800000,36.000000,0.000000,0.000000
2013-06-10T02:22:01Z,33.651957,-117.841682,-15.700000,25.000000,0.000000,0.000000
2013-06-10T02:22:16Z,33.651960,-117.841678,-15.000000,18.000000,0.000000,0.000000
2013-06-10T02:22:30Z,33.651962,-117.841679,-15.500000,22.000000,0.000000,0.000000
2013-06-10T02:22:46Z,33.651962,-117.841681,-14.900000,28.000000,0.000000,0.000000
2013-06-10T02:23:03Z,33.651961,-117.841679,-15.000000,33.000000,0.000000,0.000000
2013-06-10T02:23:23Z,33.651963,-117.841680,-14.800000,47.000000,0.000000,0.000000
2013-06-10T02:23:38Z,33.651967,-117.841683,-14.600000,15.000000,0.000000,0.000000
2013-06-10T02:23:52Z,33.651969,-117.841684,-14.600000,14.000000,0.000000,0.000000
2013-06-10T02:24:06Z,33.651969,-117.841683,-15.800000,11.000000,0.000000,0.000000
2013-06-10T02:24:19Z,33.651962,-117.841677,-17.200001,10.000000,0.000000,0.000000
2013-06-10T02:24:32Z,33.651960,-117.841673,-15.400000,15.000000,0.000000,0.000000
2013-06-10T02:24:45Z,33.651950,-117.841662,-17.799999,9.000000,0.000000,0.000000
2013-06-10T02:25:21Z,33.651991,-117.841655,-32.299999,7.000000,151.300003,1.520691
2013-06-10T02:25:37Z,33.651902,-117.841555,-34.799999,15.000000,92.900002,5.750000
2013-06-10T02:25:49Z,33.652231,-117.841027,6.200000,4.000000,293.000000,4.802343
2013-06-10T02:26:04Z,33.652666,-117.841327,-20.799999,16.000000,340.899994,5.618051
2013-06-10T02:26:26Z,33.652338,-117.840317,5.200000,8.000000,138.199997,5.852350
2013-06-10T02:26:39Z,33.651885,-117.839573,-6.700000,7.000000,105.599998,10.307764
2013-06-10T02:27:10Z,33.651288,-117.839025,-2.200000,8.000000,83.099998,1.802776
2013-06-10T02:27:35Z,33.651453,-117.838805,-8.400000,17.000000,259.399994,1.118034
2013-06-10T02:27:49Z,33.651454,-117.838810,-24.100000,12.000000,259.399994,0.559017
2013-06-10T02:28:08Z,33.651134,-117.839045,10.600000,15.000000,127.800003,0.250000
2013-06-10T02:28:22Z,33.651135,-117.839203,-8.200000,18.000000,169.699997,2.500000
2013-06-10T02:28:42Z,33.650934,-117.839282,-23.799999,22.000000,219.899994,1.118034
2013-06-10T02:28:55Z,33.650689,-117.839222,22.299999,12.000000,241.800003,0.500000
2013-06-10T02:31:30Z,33.650429,-117.838907,8.600000,17.000000,196.800003,0.901388
2013-06-10T02:31:46Z,33.650769,-117.838449,45.799999,8.000000,49.500000,1.600781
2013-06-10T02:32:00Z,33.650870,-117.838504,4.100000,24.000000,58.599998,3.807887
2013-06-10T02:32:17Z,33.650797,-117.838504,-12.100000,16.000000,277.000000,0.500000
2013-06-10T02:32:33Z,33.650863,-117.838623,-14.800000,35.000000,0.000000,0.000000
2013-06-10T02:32:51Z,33.650832,-117.838495,-24.700001,28.000000,0.000000,0.000000
2013-06-10T02:33:24Z,33.650811,-117.838632,-0.200000,39.000000,0.000000,0.000000
2013-06-10T02:33:41Z,33.650811,-117.838631,1.200000,29.000000,0.000000,0.000000
2013-06-10T02:34:22Z,33.650710,-117.838565,-15.500000,4.000000,240.300003,2.236068
2013-06-10T02:35:04Z,33.650794,-117.838499,-16.799999,8.000000,0.000000,0.000000
2013-06-10T02:35:20Z,33.650807,-117.838452,-15.600000,5.000000,0.000000,0.000000
2013-06-10T02:35:40Z,33.650806,-117.838454,-15.600000,16.000000,0.000000,0.000000
2013-06-10T02:35:56Z,33.650796,-117.838480,-14.200000,19.000000,0.000000,0.000000
2013-06-10T02:36:35Z,33.650795,-117.838484,-13.600000,29.000000,0.000000,0.000000
2013-06-10T02:36:50Z,33.650792,-117.838487,-13.200000,16.000000,0.000000,0.000000
2013-06-10T02:38:33Z,33.650792,-117.838488,-12.800000,27.000000,0.000000,0.000000
2013-06-10T02:39:52Z,33.650789,-117.838489,-12.400000,25.000000,0.000000,0.000000
2013-06-10T02:40:08Z,33.650788,-117.838488,-12.400000,18.000000,0.000000,0.000000
2013-06-10T02:40:22Z,33.650788,-117.838489,-12.400000,19.000000,0.000000,0.000000
2013-06-10T02:40:37Z,33.650787,-117.838490,-12.300000,17.000000,0.000000,0.000000
2013-06-10T02:40:52Z,33.650785,-117.838492,-12.100000,15.000000,0.000000,0.000000
2013-06-10T02:41:06Z,33.650784,-117.838491,-12.100000,11.000000,0.000000,0.000000
2013-06-10T02:41:37Z,33.650785,-117.838491,-12.200000,17.000000,0.000000,0.000000
2013-06-10T02:41:52Z,33.650787,-117.838488,-12.700000,17.000000,0.000000,0.000000
2013-06-10T02:42:21Z,33.650789,-117.838485,-12.800000,21.000000,0.000000,0.000000
2013-06-10T02:42:51Z,33.650790,-117.838486,-12.600000,19.000000,0.000000,0.000000
2013-06-10T02:43:30Z,33.650791,-117.838490,-11.800000,12.000000,0.000000,0.000000
2013-06-10T02:43:46Z,33.650792,-117.838490,-11.500000,17.000000,0.000000,0.000000
2013-06-10T02:44:36Z,33.650793,-117.838481,-13.300000,9.000000,0.000000,0.000000
2013-06-10T02:44:49Z,33.650795,-117.838475,-13.800000,13.000000,0.000000,0.000000
2013-06-10T02:45:03Z,33.650795,-117.838475,-13.400000,13.000000,0.000000,0.000000
2013-06-10T02:45:17Z,33.650794,-117.838478,-13.100000,20.000000,0.000000,0.000000
2013-06-10T02:45:37Z,33.650794,-117.838478,-13.200000,26.000000,0.000000,0.000000
2013-06-10T02:45:51Z,33.650794,-117.838478,-13.200000,22.000000,0.000000,0.000000
2013-06-10T02:46:07Z,33.650793,-117.838479,-13.300000,19.000000,0.000000,0.000000
2013-06-10T02:46:36Z,33.650794,-117.838482,-13.100000,19.000000,0.000000,0.000000
2013-06-10T02:46:52Z,33.650795,-117.838482,-13.100000,34.000000,0.000000,0.000000
2013-06-10T02:47:50Z,33.650793,-117.838484,-13.500000,19.000000,0.000000,0.000000
2013-06-10T02:48:14Z,33.650791,-117.838486,-13.600000,21.000000,0.000000,0.000000
2013-06-10T02:48:50Z,33.650789,-117.838491,-13.900000,18.000000,0.000000,0.000000
2013-06-10T02:49:20Z,33.650788,-117.838494,-13.900000,22.000000,0.000000,0.000000
2013-06-10T02:49:53Z,33.650789,-117.838494,-14.000000,14.000000,0.000000,0.000000
2013-06-10T02:50:07Z,33.650789,-117.838495,-14.100000,23.000000,0.000000,0.000000
2013-06-10T02:50:39Z,33.650789,-117.838495,-14.000000,23.000000,0.000000,0.000000
2013-06-10T02:51:53Z,33.650788,-117.838495,-14.000000,37.000000,0.000000,0.000000
2013-06-10T02:52:21Z,33.650788,-117.838496,-14.000000,25.000000,0.000000,0.000000
2013-06-10T02:52:51Z,33.650788,-117.838496,-14.200000,26.000000,0.000000,0.000000
2013-06-10T02:53:09Z,33.650787,-117.838497,-14.400000,26.000000,0.000000,0.000000
2013-06-10T02:53:54Z,33.650785,-117.838498,-14.400000,30.000000,0.000000,0.000000
2013-06-10T02:54:37Z,33.650786,-117.838497,-14.400000,29.000000,0.000000,0.000000
2013-06-10T02:54:53Z,33.650786,-117.838495,-14.500000,20.000000,0.000000,0.000000
2013-06-10T02:55:08Z,33.650786,-117.838495,-14.600000,29.000000,0.000000,0.000000
2013-06-10T02:55:22Z,33.650786,-117.838494,-14.700000,29.000000,0.000000,0.000000
2013-06-10T02:55:36Z,33.650786,-117.838496,-15.100000,17.000000,0.000000,0.000000
2013-06-10T02:55:51Z,33.650784,-117.838498,-14.900000,25.000000,0.000000,0.000000
2013-06-10T02:56:05Z,33.650785,-117.838500,-15.600000,24.000000,0.000000,0.000000
2013-06-10T02:56:19Z,33.650784,-117.838502,-15.600000,21.000000,0.000000,0.000000
2013-06-10T02:56:34Z,33.650785,-117.838504,-15.300000,17.000000,0.000000,0.000000
2013-06-10T02:56:48Z,33.650784,-117.838507,-15.200000,22.000000,0.000000,0.000000
2013-06-10T02:57:02Z,33.650783,-117.838511,-15.100000,19.000000,0.000000,0.000000
2013-06-10T02:57:16Z,33.650782,-117.838517,-16.000000,13.000000,0.000000,0.000000
2013-06-10T02:57:29Z,33.650781,-117.838520,-16.000000,11.000000,0.000000,0.000000
2013-06-10T02:57:45Z,33.650782,-117.838520,-15.900000,16.000000,0.000000,0.000000
2013-06-10T02:58:03Z,33.650782,-117.838520,-15.900000,14.000000,0.000000,0.000000
2013-06-10T02:59:08Z,33.650783,-117.838520,-15.800000,11.000000,0.000000,0.000000
2013-06-10T02:59:30Z,33.650783,-117.838526,-15.500000,23.000000,0.000000,0.000000
2013-06-10T02:59:43Z,33.650785,-117.838532,-15.200000,14.000000,262.399994,0.250000
2013-06-10T02:59:56Z,33.651131,-117.838524,-13.700000,11.000000,40.700001,1.250000
2013-06-10T03:00:09Z,33.651224,-117.838415,-12.200000,11.000000,31.299999,1.250000
2013-06-10T03:00:22Z,33.651361,-117.838220,-6.000000,19.000000,31.299999,0.500000
2013-06-10T03:00:35Z,33.651276,-117.838190,-14.400000,16.000000,31.299999,0.500000
2013-06-10T03:00:51Z,33.651009,-117.838038,-2.200000,8.000000,268.899994,0.750000
2013-06-10T03:01:06Z,33.650841,-117.837819,-3.600000,14.000000,132.500000,2.000000
2013-06-10T03:01:25Z,33.650859,-117.837608,-8.800000,15.000000,98.300003,1.600781
2013-06-10T03:02:14Z,33.651018,-117.838195,-2.400000,42.000000,329.000000,1.000000
2013-06-10T03:02:28Z,33.651330,-117.838191,-4.900000,17.000000,325.000000,1.000000
2013-06-10T03:02:45Z,33.651380,-117.838175,-15.000000,19.000000,0.000000,0.000000
2013-06-10T03:03:04Z,33.651339,-117.838147,-18.100000,21.000000,325.000000,0.500000
2013-06-10T03:03:31Z,33.651234,-117.838905,7.500000,12.000000,226.600006,0.901388
2013-06-10T03:03:44Z,33.651363,-117.838919,-23.299999,7.000000,286.399994,1.000000
2013-06-10T03:03:58Z,33.651310,-117.838869,-17.000000,5.000000,0.000000,0.000000
2013-06-10T03:04:13Z,33.651428,-117.838936,-20.000000,6.000000,303.899994,0.901388
2013-06-10T03:04:28Z,33.651395,-117.838943,-1.500000,9.000000,279.399994,0.901388
2013-06-10T03:05:10Z,33.651326,-117.838939,-17.100000,6.000000,0.000000,0.000000
2013-06-10T03:05:24Z,33.651332,-117.838941,-16.600000,7.000000,0.000000,0.000000
2013-06-10T03:05:37Z,33.651336,-117.838947,-15.800000,9.000000,0.000000,0.000000
2013-06-10T03:05:51Z,33.651338,-117.838953,-14.400000,17.000000,0.000000,0.000000
2013-06-10T03:06:05Z,33.651339,-117.838961,-13.500000,11.000000,0.000000,0.000000
2013-06-10T03:06:22Z,33.651337,-117.838963,-12.500000,23.000000,0.000000,0.000000
2013-06-10T03:07:14Z,33.651346,-117.838979,-11.600000,5.000000,317.700012,2.000000
2013-06-10T03:08:03Z,33.652115,-117.841141,-16.200001,9.000000,156.500000,4.981215
2013-06-10T03:08:17Z,33.651973,-117.841667,-28.500000,9.000000,227.600006,0.750000
2013-06-10T03:08:43Z,33.651962,-117.841675,-18.900000,7.000000,0.000000,0.000000
2013-06-10T03:08:55Z,33.651983,-117.841664,-19.700001,4.000000,0.000000,0.000000
2013-06-10T03:09:12Z,33.651986,-117.841662,-20.200001,9.000000,0.000000,0.000000
2013-06-10T03:09:27Z,33.651989,-117.841656,-19.900000,10.000000,0.000000,0.000000
2013-06-10T03:09:41Z,33.651991,-117.841659,-20.400000,17.000000,0.000000,0.000000
2013-06-10T03:10:10Z,33.651989,-117.841661,-19.700001,8.000000,0.000000,0.000000
2013-06-10T03:10:24Z,33.651989,-117.841661,-19.500000,7.000000,0.000000,0.000000
2013-06-10T03:10:37Z,33.651989,-117.841661,-19.600000,13.000000,0.000000,0.000000
2013-06-10T03:10:51Z,33.651988,-117.841660,-19.100000,9.000000,0.000000,0.000000
2013-06-10T03:11:03Z,33.651987,-117.841658,-19.100000,11.000000,0.000000,0.000000
2013-06-10T03:11:14Z,33.651987,-117.841656,-18.200001,9.000000,0.000000,0.000000
2013-06-10T03:11:28Z,33.651986,-117.841654,-18.299999,17.000000,0.000000,0.000000
2013-06-10T03:11:42Z,33.651992,-117.841658,-17.900000,13.000000,0.000000,0.000000
2013-06-10T03:11:57Z,33.651991,-117.841658,-17.799999,12.000000,0.000000,0.000000
2013-06-10T03:12:10Z,33.651990,-117.841660,-17.600000,9.000000,0.000000,0.000000
2013-06-10T03:12:23Z,33.651992,-117.841658,-17.700001,8.000000,0.000000,0.000000
2013-06-10T03:12:36Z,33.651993,-117.841658,-18.000000,9.000000,0.000000,0.000000
2013-06-10T03:12:49Z,33.651992,-117.841660,-17.799999,9.000000,0.000000,0.000000
2013-06-10T03:13:03Z,33.651992,-117.841661,-17.600000,11.000000,0.000000,0.000000
2013-06-10T03:13:21Z,33.651991,-117.841662,-17.400000,9.000000,0.000000,0.000000
2013-06-10T03:13:35Z,33.651961,-117.841653,-21.500000,5.000000,227.600006,0.250000
2013-06-10T03:13:50Z,33.651994,-117.841622,-27.400000,7.000000,0.000000,0.000000
2013-06-10T03:14:03Z,33.651996,-117.841622,-27.700001,17.000000,0.000000,0.000000
2013-06-10T03:14:18Z,33.651970,-117.841634,-21.799999,14.000000,0.000000,0.000000
2013-06-10T03:14:33Z,33.651975,-117.841638,-23.900000,11.000000,0.000000,0.000000
2013-06-10T03:14:47Z,33.651967,-117.841650,-25.200001,10.000000,0.000000,0.000000
2013-06-10T03:15:00Z,33.651970,-117.841650,-26.600000,14.000000,0.000000,0.000000
2013-06-10T03:15:14Z,33.651973,-117.841641,-27.600000,10.000000,0.000000,0.000000
2013-06-10T03:15:27Z,33.651973,-117.841648,-27.299999,14.000000,0.000000,0.000000
2013-06-10T03:15:41Z,33.651963,-117.841663,-26.000000,8.000000,0.000000,0.000000
2013-06-10T03:15:54Z,33.651961,-117.841672,-25.500000,10.000000,0.000000,0.000000
2013-06-10T03:16:07Z,33.651957,-117.841682,-24.600000,16.000000,0.000000,0.000000
2013-06-10T03:16:21Z,33.651955,-117.841688,-25.000000,12.000000,0.000000,0.000000
2013-06-10T03:16:35Z,33.651934,-117.841721,-19.900000,6.000000,0.000000,0.000000
2013-06-10T03:16:47Z,33.651934,-117.841718,-19.100000,9.000000,0.000000,0.000000
2013-06-10T03:17:01Z,33.651933,-117.841720,-14.800000,12.000000,0.000000,0.000000
2013-06-10T03:17:14Z,33.651931,-117.841722,-15.100000,15.000000,0.000000,0.000000
2013-06-10T03:17:28Z,33.652011,-117.841733,-23.299999,11.000000,219.500000,1.250000
2013-06-10T03:17:42Z,33.651929,-117.841725,-15.600000,11.000000,0.000000,0.000000
2013-06-10T03:17:56Z,33.651927,-117.841728,-16.000000,9.000000,0.000000,0.000000
2013-06-10T03:18:10Z,33.651920,-117.841737,-14.700000,6.000000,0.000000,0.000000
2013-06-10T03:18:24Z,33.651922,-117.841740,-15.900000,8.000000,0.000000,0.000000
2013-06-10T03:18:38Z,33.651917,-117.841745,-14.800000,8.000000,0.000000,0.000000
2013-06-10T03:18:51Z,33.651916,-117.841747,-14.600000,7.000000,0.000000,0.000000
2013-06-10T03:19:05Z,33.651917,-117.841748,-15.100000,7.000000,0.000000,0.000000
2013-06-10T03:19:19Z,33.651915,-117.841754,-15.800000,6.000000,0.000000,0.000000
2013-06-10T03:19:33Z,33.651914,-117.841760,-17.200001,5.000000,0.000000,0.000000
2013-06-10T03:19:47Z,33.651910,-117.841764,-16.799999,13.000000,0.000000,0.000000
2013-06-10T03:20:01Z,33.651911,-117.841763,-17.500000,8.000000,0.000000,0.000000
2013-06-10T03:20:15Z,33.651908,-117.841769,-17.299999,7.000000,0.000000,0.000000
2013-06-10T03:20:28Z,33.651907,-117.841769,-17.200001,7.000000,0.000000,0.000000
2013-06-10T03:20:40Z,33.651905,-117.841773,-17.600000,8.000000,0.000000,0.000000
2013-06-10T03:20:54Z,33.651905,-117.841776,-17.799999,10.000000,0.000000,0.000000
2013-06-10T03:21:08Z,33.651906,-117.841776,-18.200001,7.000000,0.000000,0.000000
2013-06-10T03:21:21Z,33.651906,-117.841776,-18.200001,10.000000,0.000000,0.000000
2013-06-10T03:21:34Z,33.651905,-117.841780,-18.100000,9.000000,0.000000,0.000000
2013-06-10T03:21:47Z,33.651904,-117.841780,-18.000000,10.000000,0.000000,0.000000
2013-06-10T03:22:00Z,33.651903,-117.841781,-18.100000,10.000000,0.000000,0.000000
2013-06-10T03:22:13Z,33.651902,-117.841781,-17.900000,10.000000,0.000000,0.000000
2013-06-10T03:22:26Z,33.651902,-117.841779,-18.100000,11.000000,0.000000,0.000000
2013-06-10T03:22:40Z,33.651901,-117.841780,-18.299999,8.000000,0.000000,0.000000
2013-06-10T03:22:53Z,33.651901,-117.841780,-18.000000,12.000000,0.000000,0.000000
2013-06-10T03:23:07Z,33.651902,-117.841780,-18.400000,9.000000,0.000000,0.000000
2013-06-10T03:23:20Z,33.651901,-117.841780,-18.500000,10.000000,0.000000,0.000000
2013-06-10T03:23:34Z,33.651902,-117.841779,-19.000000,7.000000,0.000000,0.000000
2013-06-10T03:23:47Z,33.651902,-117.841780,-18.900000,11.000000,0.000000,0.000000
2013-06-10T03:24:01Z,33.651902,-117.841781,-19.000000,6.000000,0.000000,0.000000
2013-06-10T03:24:14Z,33.651904,-117.841780,-19.299999,9.000000,0.000000,0.000000
2013-06-10T03:24:28Z,33.651905,-117.841779,-19.700001,7.000000,0.000000,0.000000
2013-06-10T03:24:41Z,33.651905,-117.841779,-19.700001,12.000000,0.000000,0.000000
2013-06-10T03:24:55Z,33.651906,-117.841779,-20.500000,8.000000,0.000000,0.000000
2013-06-10T03:25:08Z,33.651906,-117.841780,-20.700001,12.000000,0.000000,0.000000
2013-06-10T03:25:22Z,33.651906,-117.841780,-20.900000,25.000000,0.000000,0.000000
2013-06-10T03:25:35Z,33.651905,-117.841781,-20.799999,14.000000,0.000000,0.000000
2013-06-10T03:25:48Z,33.651905,-117.841779,-20.299999,21.000000,0.000000,0.000000
2013-06-10T03:26:02Z,33.651906,-117.841779,-21.100000,25.000000,0.000000,0.000000
2013-06-10T03:26:17Z,33.651906,-117.841784,-22.600000,33.000000,0.000000,0.000000
2013-06-10T03:26:32Z,33.651906,-117.841781,-21.400000,34.000000,0.000000,0.000000
2013-06-10T03:26:47Z,33.651906,-117.841781,-21.500000,33.000000,0.000000,0.000000
2013-06-10T03:27:00Z,33.651906,-117.841781,-21.600000,19.000000,0.000000,0.000000
2013-06-10T03:27:16Z,33.651905,-117.841782,-21.100000,20.000000,0.000000,0.000000
2013-06-10T03:27:33Z,33.651905,-117.841782,-21.500000,18.000000,0.000000,0.000000
2013-06-10T03:27:48Z,33.651905,-117.841783,-21.799999,28.000000,0.000000,0.000000
2013-06-10T03:28:03Z,33.651904,-117.841784,-21.600000,23.000000,0.000000,0.000000
2013-06-10T03:28:21Z,33.651906,-117.841785,-21.799999,19.000000,0.000000,0.000000
2013-06-10T03:28:35Z,33.651908,-117.841786,-21.500000,16.000000,0.000000,0.000000
2013-06-10T03:28:56Z,33.651908,-117.841786,-21.900000,20.000000,0.000000,0.000000
2013-06-10T03:29:10Z,33.651908,-117.841786,-21.600000,25.000000,0.000000,0.000000
2013-06-10T03:29:25Z,33.651909,-117.841787,-22.200001,19.000000,0.000000,0.000000
2013-06-10T03:29:40Z,33.651908,-117.841788,-22.299999,30.000000,0.000000,0.000000
2013-06-10T03:29:56Z,33.651909,-117.841788,-22.700001,31.000000,0.000000,0.000000
2013-06-10T03:30:10Z,33.651909,-117.841787,-22.600000,21.000000,0.000000,0.000000
2013-06-10T03:30:35Z,33.651909,-117.841787,-22.600000,31.000000,0.000000,0.000000
2013-06-10T03:31:14Z,33.651909,-117.841788,-22.700001,29.000000,0.000000,0.000000
2013-06-10T03:31:29Z,33.651909,-117.841787,-22.600000,28.000000,0.000000,0.000000
2013-06-10T03:31:44Z,33.651910,-117.841785,-22.500000,29.000000,0.000000,0.000000
2013-06-10T03:32:22Z,33.651911,-117.841784,-22.200001,41.000000,0.000000,0.000000
2013-06-10T03:32:46Z,33.651913,-117.841784,-22.000000,26.000000,0.000000,0.000000
2013-06-10T03:33:00Z,33.651913,-117.841784,-22.000000,25.000000,0.000000,0.000000
2013-06-10T03:33:14Z,33.651913,-117.841784,-21.600000,25.000000,0.000000,0.000000
2013-06-10T03:33:34Z,33.651913,-117.841783,-21.200001,26.000000,0.000000,0.000000
2013-06-10T03:33:59Z,33.651913,-117.841783,-21.299999,31.000000,0.000000,0.000000
2013-06-10T03:34:13Z,33.651913,-117.841782,-21.299999,17.000000,0.000000,0.000000
2013-06-10T03:34:53Z,33.651914,-117.841781,-21.500000,29.000000,0.000000,0.000000
2013-06-10T03:35:09Z,33.651913,-117.841781,-21.299999,38.000000,0.000000,0.000000
2013-06-10T03:35:23Z,33.651912,-117.841782,-21.400000,11.000000,0.000000,0.000000
2013-06-10T03:36:03Z,33.651913,-117.841782,-21.299999,7.000000,0.000000,0.000000
2013-06-10T03:37:58Z,33.651913,-117.841782,-21.200001,14.000000,0.000000,0.000000
2013-06-10T03:38:32Z,33.651914,-117.841783,-20.900000,12.000000,0.000000,0.000000
2013-06-10T03:38:46Z,33.651916,-117.841783,-20.000000,10.000000,0.000000,0.000000
2013-06-10T03:40:10Z,33.651915,-117.841783,-20.200001,6.000000,0.000000,0.000000
2013-06-10T03:40:24Z,33.651915,-117.841784,-19.900000,6.000000,0.000000,0.000000
2013-06-10T03:41:12Z,33.651915,-117.841784,-19.799999,15.000000,0.000000,0.000000
2013-06-10T03:41:25Z,33.651913,-117.841785,-19.600000,9.000000,0.000000,0.000000
2013-06-10T03:42:20Z,33.651913,-117.841785,-19.700001,11.000000,0.000000,0.000000
2013-06-10T03:42:36Z,33.651913,-117.841785,-19.600000,16.000000,0.000000,0.000000
2013-06-10T03:42:49Z,33.651914,-117.841784,-19.799999,13.000000,0.000000,0.000000
2013-06-10T03:43:03Z,33.651912,-117.841785,-19.299999,19.000000,0.000000,0.000000
2013-06-10T03:44:20Z,33.651912,-117.841785,-19.200001,10.000000,0.000000,0.000000
2013-06-10T03:44:35Z,33.651911,-117.841786,-19.100000,9.000000,0.000000,0.000000
2013-06-10T03:44:50Z,33.651911,-117.841786,-19.000000,8.000000,0.000000,0.000000
2013-06-10T03:45:04Z,33.651911,-117.841786,-18.900000,8.000000,0.000000,0.000000
2013-06-10T03:45:42Z,33.651910,-117.841786,-18.900000,10.000000,0.000000,0.000000
2013-06-10T03:46:10Z,33.651909,-117.841786,-18.900000,9.000000,0.000000,0.000000
2013-06-10T03:46:24Z,33.651908,-117.841786,-18.799999,5.000000,0.000000,0.000000
2013-06-10T03:47:58Z,33.651909,-117.841786,-18.799999,27.000000,0.000000,0.000000
2013-06-10T03:49:36Z,33.651909,-117.841785,-19.000000,6.000000,0.000000,0.000000
2013-06-10T03:49:50Z,33.651909,-117.841785,-19.100000,14.000000,0.000000,0.000000
2013-06-10T03:50:08Z,33.651908,-117.841787,-19.000000,25.000000,0.000000,0.000000
2013-06-10T03:50:22Z,33.651907,-117.841788,-18.900000,21.000000,0.000000,0.000000
2013-06-10T03:50:36Z,33.651907,-117.841788,-19.000000,9.000000,0.000000,0.000000
2013-06-10T03:51:13Z,33.651906,-117.841788,-19.000000,15.000000,0.000000,0.000000
2013-06-10T03:51:27Z,33.651907,-117.841787,-19.100000,23.000000,0.000000,0.000000
2013-06-10T03:51:42Z,33.651908,-117.841787,-19.299999,7.000000,0.000000,0.000000
2013-06-10T03:52:20Z,33.651908,-117.841787,-19.299999,7.000000,0.000000,0.000000
2013-06-10T03:52:34Z,33.651908,-117.841787,-19.200001,7.000000,0.000000,0.000000
2013-06-10T03:52:48Z,33.651907,-117.841788,-18.799999,8.000000,0.000000,0.000000
2013-06-10T03:53:04Z,33.651906,-117.841788,-18.600000,14.000000,0.000000,0.000000
2013-06-10T03:54:06Z,33.651906,-117.841788,-18.500000,10.000000,0.000000,0.000000
2013-06-10T03:54:36Z,33.651906,-117.841788,-18.600000,15.000000,0.000000,0.000000
2013-06-10T03:54:50Z,33.651906,-117.841787,-18.500000,13.000000,0.000000,0.000000
2013-06-10T03:55:09Z,33.651906,-117.841787,-18.500000,9.000000,0.000000,0.000000
2013-06-10T03:55:32Z,33.651905,-117.841764,-18.500000,14.000000,92.699997,3.500000
2013-06-10T03:55:47Z,33.652330,-117.841290,-27.000000,15.000000,4.000000,4.250000
2013-06-10T03:56:08Z,33.652707,-117.840953,-13.700000,16.000000,125.599998,4.500000
2013-06-10T03:56:23Z,33.651980,-117.840455,-29.400000,10.000000,198.899994,6.500000
2013-06-10T03:56:41Z,33.651245,-117.841488,-19.600000,13.000000,246.199997,5.250000
2013-06-10T03:57:00Z,33.650859,-117.842222,-14.300000,22.000000,247.300003,8.000000
2013-06-10T03:57:14Z,33.650370,-117.842931,-17.299999,14.000000,207.399994,6.000000
2013-06-10T03:57:27Z,33.650269,-117.842968,-22.600000,16.000000,0.000000,0.000000
2013-06-10T03:57:41Z,33.650257,-117.842970,-26.400000,14.000000,0.000000,0.000000
2013-06-10T03:57:59Z,33.649652,-117.843764,-9.900000,34.000000,247.500000,14.000000
2013-06-10T03:58:20Z,33.648978,-117.846013,14.700000,7.000000,260.799988,7.893826
2013-06-10T03:58:35Z,33.647558,-117.847525,-8.900000,6.000000,211.199997,14.250000
2013-06-10T03:58:53Z,33.646354,-117.848873,-9.400000,4.000000,175.100006,7.000000
2013-06-10T03:59:08Z,33.644845,-117.849184,-15.000000,7.000000,196.899994,12.500000
2013-06-10T03:59:21Z,33.643664,-117.849397,5.900000,15.000000,182.800003,8.250000
2013-06-10T03:59:34Z,33.642783,-117.849085,-1.900000,15.000000,168.800003,8.500000
2013-06-10T03:59:48Z,33.641573,-117.848211,2.100000,13.000000,128.100006,12.500000
2013-06-10T04:00:02Z,33.641410,-117.846438,3.200000,16.000000,76.800003,12.750000
2013-06-10T04:00:16Z,33.641595,-117.844307,12.800000,27.000000,79.800003,15.750000
2013-06-10T04:00:31Z,33.642305,-117.842283,15.200000,13.000000,72.000000,10.000000
2013-06-10T04:00:45Z,33.642784,-117.841851,-1.300000,11.000000,22.100000,4.500000
2013-06-10T04:01:11Z,33.642773,-117.841794,12.800000,7.000000,22.100000,0.250000
2013-06-10T04:01:25Z,33.643021,-117.841906,13.900000,10.000000,0.000000,0.000000
2013-06-10T04:01:40Z,33.643065,-117.841928,-4.300000,18.000000,0.000000,0.000000
2013-06-10T04:01:55Z,33.643135,-117.841929,-1.400000,18.000000,0.000000,0.000000
2013-06-10T06:41:55Z,33.643134,-117.842396,14.100000,10.000000,137.800003,1.000000
2013-06-10T06:42:15Z,33.642790,-117.841738,23.100000,8.000000,0.000000,0.000000
2013-06-10T06:42:28Z,33.642767,-117.841709,32.000000,13.000000,0.000000,0.000000
2013-06-10T06:42:42Z,33.642782,-117.841727,30.500000,16.000000,0.000000,0.000000
2013-06-10T06:42:56Z,33.642791,-117.841753,30.700001,11.000000,303.100006,1.250000
2013-06-10T06:43:10Z,33.642382,-117.842074,22.000000,12.000000,213.699997,4.750000
2013-06-10T06:43:25Z,33.641811,-117.843575,24.900000,12.000000,240.899994,12.750000
2013-06-10T06:43:38Z,33.641599,-117.845523,11.800000,20.000000,267.500000,14.000000
2013-06-10T06:44:03Z,33.642745,-117.849230,-1.100000,25.000000,336.200012,13.259431
2013-06-10T06:44:19Z,33.643509,-117.849231,-6.500000,8.000000,354.100006,11.750000
2013-06-10T06:44:46Z,33.646523,-117.848527,-15.500000,13.000000,66.800003,8.143249
2013-06-10T06:45:07Z,33.648562,-117.846709,-42.000000,15.000000,39.099998,14.320004
2013-06-10T06:45:27Z,33.649193,-117.844195,-6.500000,9.000000,75.199997,14.750000
2013-06-10T06:45:52Z,33.650766,-117.842044,-51.000000,24.000000,60.299999,4.924429
2013-06-10T06:46:06Z,33.651002,-117.841965,-11.300000,15.000000,8.200000,0.250000
2013-06-10T06:46:19Z,33.650989,-117.842020,-7.900000,15.000000,0.000000,0.000000
2013-06-10T06:46:32Z,33.650981,-117.842027,-4.500000,21.000000,0.000000,0.000000
2013-06-10T06:46:45Z,33.650997,-117.841772,10.000000,16.000000,79.099998,4.750000
2013-06-10T06:47:10Z,33.650632,-117.840476,-18.400000,8.000000,169.699997,4.776243
2013-06-10T06:47:24Z,33.650640,-117.839837,-14.400000,9.000000,120.900002,3.354102
2013-06-10T06:47:45Z,33.650530,-117.839597,-23.000000,7.000000,106.599998,1.750000
2013-06-10T06:48:07Z,33.650777,-117.839347,-23.200001,7.000000,54.500000,1.500000
2013-06-10T06:48:22Z,33.650644,-117.839071,-16.400000,13.000000,137.899994,1.250000
2013-06-10T06:48:36Z,33.650485,-117.838502,-11.800000,25.000000,153.100006,1.500000
2013-06-10T06:49:04Z,33.650546,-117.838660,-6.200000,36.000000,0.000000,0.000000
2013-06-10T06:49:25Z,33.650535,-117.838690,-4.600000,29.000000,0.000000,0.000000
2013-06-10T06:50:02Z,33.650516,-117.838722,-7.900000,46.000000,0.000000,0.000000
2013-06-10T06:50:42Z,33.650412,-117.838720,-13.300000,47.000000,0.000000,0.000000
2013-06-10T06:51:57Z,33.650703,-117.839133,4.400000,22.000000,329.299988,1.820027
2013-06-10T06:52:20Z,33.650879,-117.839293,7.100000,17.000000,239.100006,2.136001
2013-06-10T06:52:35Z,33.650584,-117.839706,-20.900000,21.000000,225.199997,1.952562
2013-06-10T06:52:49Z,33.650626,-117.839728,-20.700001,6.000000,243.500000,0.559017
2013-06-10T06:53:04Z,33.650540,-117.839705,-8.400000,10.000000,139.899994,0.559017
2013-06-10T06:54:00Z,33.650550,-117.839905,-11.300000,21.000000,298.700012,1.118034
2013-06-10T06:54:58Z,33.650514,-117.839912,-69.300003,20.000000,15.600000,5.129571
2013-06-10T06:55:13Z,33.650548,-117.839730,-10.100000,9.000000,15.600000,0.707107
2013-06-10T06:55:30Z,33.650576,-117.839749,-28.000000,16.000000,112.000000,2.015564
2013-06-10T06:55:44Z,33.650601,-117.839823,-10.800000,17.000000,320.799988,0.250000
2013-06-10T06:55:58Z,33.650522,-117.839805,-21.299999,17.000000,255.600006,1.346291
2013-06-10T06:56:12Z,33.650652,-117.840001,-32.099998,15.000000,255.600006,1.118034
2013-06-10T06:56:27Z,33.650711,-117.839644,-2.700000,18.000000,261.799988,0.901388
2013-06-10T06:56:42Z,33.650621,-117.839776,-2.300000,8.000000,261.799988,0.750000
2013-06-10T06:56:53Z,33.650938,-117.840124,1.600000,7.000000,312.500000,5.500000
2013-06-10T06:57:04Z,33.651028,-117.840503,-10.400000,6.000000,272.500000,2.750000
2013-06-10T06:57:18Z,33.651391,-117.840710,-13.300000,10.000000,346.100006,3.250000
2013-06-10T06:57:34Z,33.652118,-117.840182,-18.600000,6.000000,353.299988,6.000000
2013-06-10T06:58:21Z,33.651918,-117.841859,0.300000,7.000000,278.200012,3.201562
2013-06-10T06:58:35Z,33.652084,-117.841762,-12.700000,11.000000,156.399994,2.795085
2013-06-10T06:58:50Z,33.651815,-117.841804,-19.799999,11.000000,156.399994,0.707107
2013-06-10T06:59:04Z,33.651870,-117.841659,37.799999,20.000000,181.000000,2.061553
2013-06-10T06:59:23Z,33.651839,-117.841789,-11.300000,6.000000,311.200012,2.136001
2013-06-10T06:59:37Z,33.651882,-117.841806,-16.299999,9.000000,267.000000,1.820027
2013-06-10T07:00:03Z,33.651881,-117.841803,-36.200001,8.000000,171.399994,1.581139
2013-06-10T07:00:18Z,33.651923,-117.841741,-7.200000,10.000000,0.000000,0.000000
2013-06-10T07:00:39Z,33.651852,-117.841770,-32.400002,9.000000,56.000000,6.041523
2013-06-10T07:00:55Z,33.652065,-117.841745,-16.000000,29.000000,100.400002,2.610077
2013-06-10T07:01:17Z,33.652072,-117.841768,51.799999,12.000000,0.000000,0.000000
2013-06-10T07:01:32Z,33.651979,-117.841744,8.100000,14.000000,0.000000,0.000000
