time,lat,lon,elevation,accuracy,bearing,speed
2013-06-07T07:01:42Z,33.642717,-117.842124,15.700000,9.000000,233.500000,0.750000
2013-06-07T07:01:55Z,33.642574,-117.842390,21.000000,12.000000,257.100006,1.000000
2013-06-07T07:02:31Z,33.642425,-117.842728,4.500000,9.000000,0.000000,0.000000
2013-06-07T07:04:15Z,33.642464,-117.841397,10.800000,12.000000,76.000000,9.750000
2013-06-07T07:04:28Z,33.642664,-117.839733,9.700000,19.000000,85.300003,13.750000
2013-06-07T07:04:45Z,33.642446,-117.837468,27.900000,15.000000,101.500000,10.359175
2013-06-07T07:05:03Z,33.642304,-117.836079,15.300000,7.000000,141.100006,10.198039
2013-06-07T07:05:23Z,33.640774,-117.834294,16.100000,6.000000,124.099998,13.086252
2013-06-07T07:05:55Z,33.639333,-117.830509,18.500000,11.000000,105.199997,5.344389
2013-06-07T07:06:15Z,33.640616,-117.829838,30.600000,5.000000,7.300000,12.500000
2013-06-07T07:06:57Z,33.644349,-117.828252,4.700000,8.000000,65.400002,5.250000
2013-06-07T07:28:12Z,33.644621,-117.828323,1.000000,43.000000,0.000000,0.000000
2013-06-07T07:28:25Z,33.644461,-117.828845,11.500000,19.000000,0.000000,0.000000
2013-06-07T07:28:38Z,33.644328,-117.829174,14.500000,10.000000,238.399994,6.000000
2013-06-07T07:28:51Z,33.643166,-117.829454,21.500000,16.000000,194.000000,13.000000
2013-06-07T07:29:05Z,33.641604,-117.829809,14.900000,28.000000,0.000000,0.000000
2013-06-07T07:29:17Z,33.641197,-117.830208,21.799999,7.000000,292.700012,4.500000
2013-06-07T07:29:31Z,33.641902,-117.830067,22.799999,21.000000,3.000000,6.500000
2013-06-07T07:29:44Z,33.642263,-117.830802,21.400000,10.000000,292.500000,5.750000
2013-06-07T07:29:55Z,33.642327,-117.831614,4.300000,8.000000,279.899994,4.854122
2013-06-07T07:30:09Z,33.642678,-117.832434,42.299999,20.000000,273.000000,4.366062
2013-06-07T07:30:26Z,33.642711,-117.833200,21.700001,11.000000,190.000000,4.609772
2013-06-07T07:30:42Z,33.642060,-117.833356,41.700001,7.000000,206.100006,4.527693
2013-06-07T07:30:56Z,33.642088,-117.833889,30.100000,7.000000,269.299988,2.750000
2013-06-07T07:31:10Z,33.641714,-117.833832,30.500000,19.000000,126.099998,4.250000
2013-06-07T07:31:25Z,33.641586,-117.833472,29.200001,17.000000,164.100006,0.250000
2013-06-07T07:32:33Z,33.641745,-117.833588,41.299999,15.000000,164.100006,0.250000
2013-06-07T07:33:55Z,33.641568,-117.833541,27.200001,14.000000,164.100006,0.250000
2013-06-07T07:36:48Z,33.641372,-117.833636,25.900000,14.000000,180.600006,0.750000
2013-06-07T07:37:31Z,33.641458,-117.833303,22.100000,32.000000,0.000000,0.000000
2013-06-07T07:37:45Z,33.641622,-117.833535,40.000000,19.000000,33.599998,0.250000
2013-06-07T07:50:35Z,33.641880,-117.833256,25.100000,51.000000,29.700001,1.250000
2013-06-07T07:52:11Z,33.641628,-117.833455,48.299999,166.000000,244.899994,0.500000
2013-06-07T07:53:02Z,33.641357,-117.833517,44.799999,49.000000,195.899994,1.250000
2013-06-07T07:53:58Z,33.641662,-117.833414,29.200001,49.000000,41.700001,0.750000
2013-06-07T07:55:07Z,33.641758,-117.833165,31.700001,41.000000,69.099998,1.000000
2013-06-07T07:55:45Z,33.641445,-117.832887,20.700001,43.000000,127.400002,3.250000
2013-06-07T07:56:43Z,33.641108,-117.833570,34.900002,44.000000,192.399994,2.250000
2013-06-07T07:57:03Z,33.641288,-117.833666,36.200001,44.000000,149.399994,1.000000
2013-06-07T07:58:50Z,33.641512,-117.833504,52.299999,43.000000,149.399994,0.250000
2013-06-07T07:59:31Z,33.641693,-117.833304,52.900002,44.000000,149.399994,0.250000
2013-06-07T08:00:06Z,33.641558,-117.833451,32.000000,39.000000,224.800003,0.250000
2013-06-07T08:01:11Z,33.641388,-117.834019,44.900002,43.000000,255.500000,2.000000
2013-06-07T08:01:28Z,33.641482,-117.833637,34.299999,29.000000,255.500000,0.500000
2013-06-07T08:02:37Z,33.641764,-117.833545,12.900000,19.000000,357.200012,0.500000
2013-06-07T08:03:41Z,33.641645,-117.833347,13.400000,24.000000,0.000000,0.000000
2013-06-07T08:22:57Z,33.641502,-117.833536,13.000000,128.000000,237.300003,1.500000
2013-06-07T08:30:39Z,33.641689,-117.833431,17.500000,38.000000,0.000000,0.000000
2013-06-07T08:32:58Z,33.641957,-117.833370,45.500000,31.000000,331.500000,1.750000
2013-06-07T08:35:06Z,33.641437,-117.833046,39.599998,44.000000,132.800003,2.500000
2013-06-07T08:38:31Z,33.641446,-117.833330,24.900000,41.000000,0.000000,0.000000
2013-06-07T08:39:25Z,33.642295,-117.833163,36.700001,87.000000,0.000000,0.000000
2013-06-07T08:41:00Z,33.640628,-117.834163,-35.400002,164.000000,0.000000,0.000000
2013-06-07T08:41:58Z,33.642620,-117.832436,-61.299999,55.000000,0.000000,0.000000
2013-06-07T08:42:30Z,33.642177,-117.831986,13.300000,53.000000,0.000000,0.000000
2013-06-07T08:42:58Z,33.641595,-117.833269,41.799999,29.000000,0.000000,0.000000
2013-06-07T09:49:27Z,33.642060,-117.833232,-6.200000,236.000000,0.000000,0.000000
2013-06-07T09:50:09Z,33.641644,-117.833467,33.200001,29.000000,162.600006,1.000000
2013-06-07T09:50:49Z,33.641324,-117.833289,18.000000,43.000000,175.000000,1.500000
2013-06-07T09:52:01Z,33.641851,-117.833520,27.700001,33.000000,354.100006,1.000000
2013-06-07T09:52:23Z,33.641659,-117.833463,19.500000,25.000000,354.100006,0.500000
2013-06-07T10:08:46Z,33.641440,-117.833569,5.600000,21.000000,198.899994,1.500000
2013-06-07T10:09:32Z,33.641607,-117.833378,27.600000,23.000000,0.000000,0.000000
2013-06-07T10:13:38Z,33.641948,-117.833523,31.200001,37.000000,349.899994,1.600781
2013-06-07T10:13:57Z,33.641689,-117.833562,27.299999,23.000000,156.699997,2.704164
2013-06-07T10:17:51Z,33.641410,-117.833714,194.300003,25.000000,167.300003,1.030776
2013-06-07T10:18:50Z,33.641548,-117.833507,30.299999,23.000000,183.399994,3.473111
2013-06-07T10:19:38Z,33.641730,-117.833604,41.099998,18.000000,176.899994,3.051639
2013-06-07T10:20:13Z,33.641582,-117.833429,28.799999,46.000000,0.000000,0.000000
2013-06-07T11:11:26Z,33.641730,-117.833260,40.099998,98.000000,53.200001,1.250000
2013-06-07T11:15:58Z,33.641652,-117.833599,60.400002,223.000000,0.000000,0.000000
2013-06-07T11:18:35Z,33.641259,-117.833751,41.000000,176.000000,0.000000,0.000000
2013-06-07T11:19:41Z,33.641470,-117.833546,40.200001,99.000000,0.000000,0.000000
2013-06-07T11:24:22Z,33.640686,-117.835776,25.400000,241.000000,0.000000,0.000000
2013-06-07T11:27:47Z,33.641592,-117.833586,22.600000,23.000000,43.000000,0.250000
2013-06-07T11:29:56Z,33.641794,-117.833526,18.799999,48.000000,0.000000,0.000000
2013-06-07T11:43:55Z,33.641612,-117.833582,7.800000,50.000000,0.000000,0.000000
2013-06-07T11:50:28Z,33.642101,-117.833617,10.400000,55.000000,197.000000,1.250000
2013-06-07T11:51:08Z,33.641593,-117.833554,10.200000,49.000000,0.000000,0.000000
2013-06-07T12:42:36Z,33.641846,-117.833356,15.900000,49.000000,0.000000,0.000000
2013-06-07T12:44:39Z,33.641650,-117.833435,32.400002,49.000000,0.000000,0.000000
2013-06-07T13:29:02Z,33.641832,-117.833258,24.200001,180.000000,31.100000,0.500000
2013-06-07T13:29:43Z,33.641874,-117.833599,25.500000,27.000000,172.800003,1.250000
2013-06-07T13:30:10Z,33.641660,-117.833363,26.400000,22.000000,349.899994,0.500000
2013-06-07T15:32:47Z,33.642000,-117.833237,41.400002,6.000000,147.800003,0.500000
2013-06-07T15:33:15Z,33.641591,-117.833456,18.799999,7.000000,0.000000,0.000000
2013-06-07T15:33:43Z,33.641813,-117.833235,12.800000,12.000000,0.000000,0.000000
2013-06-07T15:45:29Z,33.641955,-117.833098,26.600000,21.000000,32.099998,1.000000
2013-06-07T16:07:17Z,33.641994,-117.833422,27.100000,8.000000,217.300003,2.000000
2013-06-07T16:07:30Z,33.641671,-117.833462,65.400002,10.000000,241.600006,1.500000
2013-06-07T16:08:58Z,33.641326,-117.833681,1.300000,29.000000,240.000000,0.250000
2013-06-07T16:09:29Z,33.641571,-117.833318,46.500000,36.000000,205.100006,0.750000
2013-06-07T16:10:42Z,33.641394,-117.833243,23.700001,34.000000,155.899994,0.750000
2013-06-07T16:11:15Z,33.641382,-117.833575,26.700001,21.000000,155.899994,0.250000
2013-06-07T16:11:42Z,33.641673,-117.833537,25.200001,42.000000,23.100000,1.500000
2013-06-07T16:14:17Z,33.641461,-117.833585,7.700000,25.000000,0.000000,0.000000
2013-06-07T16:20:59Z,33.641637,-117.833517,15.500000,11.000000,26.000000,2.000000
2013-06-07T16:21:12Z,33.641889,-117.833347,21.000000,13.000000,106.699997,2.500000
2013-06-07T16:21:27Z,33.641544,-117.833200,22.500000,9.000000,185.000000,2.250000
2013-06-07T16:21:39Z,33.641094,-117.833507,1.500000,13.000000,210.100006,3.750000
2013-06-07T16:21:52Z,33.640692,-117.833837,1.500000,15.000000,209.600006,3.750000
2013-06-07T16:22:10Z,33.640841,-117.834371,19.400000,15.000000,305.799988,5.500000
2013-06-07T16:22:22Z,33.641389,-117.834966,20.400000,10.000000,310.100006,6.500000
2013-06-07T16:22:35Z,33.641930,-117.835589,19.500000,11.000000,314.500000,6.250000
2013-06-07T16:22:49Z,33.642532,-117.836064,22.200001,7.000000,328.000000,6.500000
2013-06-07T16:23:03Z,33.642740,-117.836360,15.000000,6.000000,0.000000,0.000000
2013-06-07T16:23:19Z,33.642677,-117.836098,15.500000,6.000000,328.000000,0.750000
2013-06-07T16:23:32Z,33.642764,-117.836495,18.700001,14.000000,308.799988,0.750000
2013-06-07T16:23:46Z,33.642498,-117.836546,6.500000,11.000000,234.300003,2.750000
2013-06-07T16:24:04Z,33.642377,-117.837172,12.900000,15.000000,272.399994,4.750000
2013-06-07T16:24:20Z,33.642458,-117.837997,3.400000,7.000000,278.899994,4.750000
2013-06-07T16:24:38Z,33.642642,-117.838908,3.300000,7.000000,281.700012,3.500000
2013-06-07T16:24:57Z,33.642668,-117.839793,5.900000,7.000000,264.299988,3.250000
2013-06-07T16:25:15Z,33.643072,-117.840175,14.600000,20.000000,268.600006,2.000000
2013-06-07T16:25:31Z,33.643274,-117.840835,12.900000,26.000000,278.200012,2.750000
2013-06-07T16:25:47Z,33.643518,-117.840789,6.900000,28.000000,0.000000,0.000000
2013-06-07T16:26:12Z,33.643307,-117.841217,10.700000,5.000000,248.399994,1.250000
2013-06-07T16:26:38Z,33.643353,-117.841466,7.700000,19.000000,41.200001,0.500000
2013-06-07T19:30:40Z,33.643484,-117.841634,37.099998,17.000000,0.000000,0.000000
2013-06-07T19:31:22Z,33.643567,-117.842362,20.100000,24.000000,313.799988,1.000000
2013-06-07T19:31:46Z,33.643331,-117.842463,14.100000,20.000000,197.699997,1.250000
2013-06-07T19:32:15Z,33.643246,-117.842423,23.400000,21.000000,131.500000,0.500000
2013-06-07T19:32:41Z,33.643134,-117.842345,13.900000,17.000000,0.000000,0.000000
2013-06-07T19:33:41Z,33.643238,-117.842366,17.700001,15.000000,0.000000,0.000000
2013-06-07T19:35:26Z,33.643320,-117.842308,10.700000,16.000000,0.000000,0.000000
2013-06-07T19:39:50Z,33.643263,-117.842398,10.000000,46.000000,0.000000,0.000000
2013-06-07T19:48:46Z,33.643191,-117.842463,14.200000,32.000000,0.000000,0.000000
2013-06-07T19:56:15Z,33.643302,-117.842475,-13.900000,20.000000,18.500000,1.820027
2013-06-07T19:56:46Z,33.643181,-117.842486,14.900000,8.000000,0.000000,0.000000
2013-06-08T01:47:18Z,33.643331,-117.841353,41.200001,9.000000,62.400002,2.500000
2013-06-08T01:47:31Z,33.643463,-117.841098,42.000000,12.000000,350.700012,2.250000
2013-06-08T01:47:45Z,33.643620,-117.840635,30.000000,17.000000,70.500000,3.000000
2013-06-08T01:47:59Z,33.643509,-117.840923,16.700001,20.000000,140.699997,0.750000
2013-06-08T01:48:13Z,33.643304,-117.840629,11.500000,16.000000,154.300003,3.000000
2013-06-08T01:48:28Z,33.643055,-117.840045,5.700000,29.000000,118.500000,2.500000
2013-06-08T01:48:46Z,33.642874,-117.839934,4.200000,9.000000,167.399994,0.250000
2013-06-08T01:49:10Z,33.642720,-117.838974,6.100000,11.000000,99.000000,5.000000
2013-06-08T01:49:25Z,33.642470,-117.838123,-16.000000,15.000000,107.800003,4.750000
2013-06-08T01:49:39Z,33.642428,-117.837560,-1.200000,11.000000,87.900002,4.500000
2013-06-08T01:49:53Z,33.642431,-117.836868,4.600000,14.000000,72.400002,3.750000
2013-06-08T01:50:06Z,33.642619,-117.836546,10.200000,14.000000,58.000000,1.000000
2013-06-08T01:50:18Z,33.642730,-117.836344,11.900000,7.000000,52.000000,3.750000
2013-06-08T01:50:31Z,33.643160,-117.835866,4.200000,12.000000,38.299999,5.250000
2013-06-08T01:50:45Z,33.643226,-117.835299,7.500000,5.000000,119.599998,3.750000
2013-06-08T01:51:01Z,33.642947,-117.834986,4.700000,20.000000,183.199997,2.750000
2013-06-08T01:51:21Z,33.642485,-117.834764,8.900000,8.000000,132.500000,2.500000
2013-06-08T01:51:38Z,33.642204,-117.834463,16.100000,15.000000,85.800003,2.500000
2013-06-08T01:51:55Z,33.641849,-117.834084,11.100000,10.000000,123.699997,3.250000
2013-06-08T01:52:08Z,33.641647,-117.833711,6.400000,14.000000,111.099998,3.500000
2013-06-08T01:52:35Z,33.641516,-117.833459,12.800000,42.000000,164.300003,0.500000
2013-06-08T01:53:24Z,33.641669,-117.833441,9.700000,37.000000,164.300003,0.750000
2013-06-08T01:53:53Z,33.641681,-117.833791,32.099998,14.000000,197.699997,2.750000
2013-06-08T01:54:07Z,33.641786,-117.834005,30.400000,10.000000,3.400000,3.250000
2013-06-08T01:54:20Z,33.641881,-117.833556,21.799999,6.000000,113.699997,6.000000
2013-06-08T01:54:37Z,33.642591,-117.833296,21.100000,11.000000,7.900000,4.279311
2013-06-08T01:54:48Z,33.642957,-117.833560,-3.000000,9.000000,277.399994,8.631338
2013-06-08T01:55:13Z,33.643452,-117.835562,-4.900000,7.000000,290.200012,5.250000
2013-06-08T01:55:32Z,33.644892,-117.835315,3.100000,20.000000,5.200000,14.000000
2013-06-08T01:55:45Z,33.645812,-117.835139,-11.700000,12.000000,0.000000,0.000000
2013-06-08T01:56:50Z,33.647180,-117.835233,-35.700001,6.000000,358.100006,13.250000
2013-06-08T01:57:03Z,33.648572,-117.835384,-45.700001,10.000000,355.700012,11.500000
2013-06-08T01:57:17Z,33.649455,-117.835463,-33.400002,12.000000,356.799988,7.500000
2013-06-08T01:57:31Z,33.650362,-117.835422,-19.600000,23.000000,12.100000,6.000000
2013-06-08T01:57:43Z,33.650753,-117.835277,-16.200001,17.000000,32.900002,0.750000
2013-06-08T01:58:01Z,33.650894,-117.835190,-15.300000,17.000000,0.000000,0.000000
2013-06-08T01:58:53Z,33.651541,-117.835952,-22.900000,10.000000,292.500000,11.500000
2013-06-08T01:59:07Z,33.651923,-117.836779,-19.000000,12.000000,283.299988,0.250000
2013-06-08T02:00:00Z,33.651783,-117.836836,-39.700001,6.000000,50.500000,1.346291
2013-06-08T02:00:15Z,33.651721,-117.837516,-8.500000,13.000000,275.700012,6.020797
2013-06-08T02:00:28Z,33.651838,-117.839224,-39.500000,14.000000,266.799988,13.759088
2013-06-08T02:00:41Z,33.652026,-117.840119,-15.400000,12.000000,302.600006,5.771698
2013-06-08T02:00:54Z,33.652772,-117.841065,-20.400000,9.000000,291.500000,6.269968
2013-06-08T02:01:06Z,33.652373,-117.841336,-21.799999,11.000000,143.199997,7.516648
2013-06-08T02:01:18Z,33.651981,-117.841544,-17.299999,5.000000,246.300003,5.522680
2013-06-08T02:01:35Z,33.651942,-117.841727,-15.600000,17.000000,0.000000,0.000000
2013-06-08T02:04:47Z,33.652491,-117.841563,-22.900000,12.000000,324.600006,5.750000
2013-06-08T02:05:02Z,33.652904,-117.841367,-30.600000,14.000000,66.099998,1.750000
2013-06-08T02:05:16Z,33.653778,-117.841546,-22.900000,11.000000,336.100006,11.500000
2013-06-08T02:05:36Z,33.655488,-117.841966,-13.400000,12.000000,18.500000,12.250000
2013-06-08T02:05:50Z,33.655617,-117.840791,-11.100000,16.000000,108.599998,12.250000
2013-06-08T02:06:17Z,33.653866,-117.839070,-23.600000,34.000000,161.399994,12.500000
2013-06-08T02:06:37Z,33.651809,-117.836902,-28.200001,4.000000,127.199997,16.000000
2013-06-08T02:06:51Z,33.651075,-117.834666,-48.500000,18.000000,115.800003,14.750000
2013-06-08T02:07:05Z,33.651156,-117.832514,-8.800000,8.000000,77.000000,13.250000
2013-06-08T02:07:59Z,33.652839,-117.828932,1.000000,20.000000,60.299999,16.500000
2013-06-08T02:08:14Z,33.653506,-117.826944,-9.500000,9.000000,75.800003,4.000000
2013-06-08T02:08:32Z,33.651699,-117.825627,-7.900000,20.000000,153.199997,17.000000
2013-06-08T02:08:47Z,33.650376,-117.824763,-3.600000,12.000000,156.100006,4.250000
2013-06-08T02:09:03Z,33.650250,-117.824867,-4.300000,14.000000,156.100006,0.500000
2013-06-08T02:09:36Z,33.650167,-117.824715,-8.100000,12.000000,156.100006,0.250000
2013-06-08T02:10:10Z,33.650320,-117.819775,0.600000,9.000000,115.000000,18.000000
2013-06-08T02:10:26Z,33.648882,-117.818653,-1.600000,23.000000,176.600006,13.000000
2013-06-08T02:10:42Z,33.647118,-117.819952,-14.700000,22.000000,178.600006,4.750000
2013-06-08T02:10:56Z,33.645614,-117.819593,-16.299999,17.000000,163.699997,16.500000
2013-06-08T02:11:11Z,33.643227,-117.819526,-2.600000,19.000000,182.100006,19.750000
2013-06-08T02:11:54Z,33.636682,-117.821263,67.199997,10.000000,174.199997,16.500000
2013-06-08T02:12:09Z,33.634734,-117.819581,50.700001,10.000000,128.600006,18.750000
2013-06-08T02:12:23Z,33.633612,-117.818113,60.700001,12.000000,192.600006,7.250000
2013-06-08T02:12:57Z,33.634049,-117.819318,48.000000,11.000000,0.000000,0.000000
2013-06-08T02:13:34Z,33.633873,-117.819325,44.500000,11.000000,299.200012,0.750000
2013-06-08T02:14:10Z,33.633780,-117.819419,42.700001,23.000000,220.300003,1.250000
2013-06-08T02:14:23Z,33.633539,-117.819550,37.299999,18.000000,220.300003,0.250000
2013-06-08T02:14:49Z,33.633698,-117.819472,58.700001,9.000000,15.600000,1.414214
2013-06-08T02:15:14Z,33.633904,-117.819404,48.000000,4.000000,37.099998,1.250000
2013-06-08T02:15:24Z,33.634024,-117.819404,49.500000,4.000000,346.799988,1.250000
2013-06-08T02:15:34Z,33.634162,-117.819510,46.799999,3.000000,309.500000,2.000000
2013-06-08T02:15:51Z,33.634267,-117.819707,45.700001,3.000000,0.000000,0.000000
2013-06-08T02:18:47Z,33.634351,-117.819816,43.200001,16.000000,106.000000,0.750000
2013-06-08T02:19:01Z,33.634446,-117.819661,49.200001,9.000000,0.000000,0.000000
2013-06-08T02:20:38Z,33.634462,-117.819793,49.299999,9.000000,106.000000,0.500000
2013-06-08T02:35:14Z,33.634518,-117.819709,47.200001,7.000000,0.000000,0.000000
2013-06-08T03:02:16Z,33.634464,-117.819528,22.500000,9.000000,143.100006,4.609772
2013-06-08T03:02:32Z,33.634514,-117.819703,48.500000,31.000000,0.000000,0.000000
2013-06-08T03:10:41Z,33.634680,-117.819692,42.400002,7.000000,0.000000,0.000000
2013-06-08T03:10:55Z,33.634576,-117.819664,57.599998,13.000000,0.000000,0.000000
2013-06-08T03:11:55Z,33.634554,-117.819787,51.500000,11.000000,129.300003,3.535534
2013-06-08T03:12:10Z,33.634477,-117.819575,69.400002,13.000000,349.200012,1.600781
2013-06-08T03:12:29Z,33.634608,-117.819713,38.400002,22.000000,292.799988,0.500000
2013-06-08T03:13:27Z,33.634512,-117.819699,48.400002,10.000000,0.000000,0.000000
2013-06-08T03:18:41Z,33.634446,-117.819564,54.400002,12.000000,54.900002,1.520691
2013-06-08T03:18:55Z,33.634508,-117.819698,47.700001,18.000000,0.000000,0.000000
2013-06-08T03:24:01Z,33.634279,-117.819895,68.800003,14.000000,54.900002,0.707107
2013-06-08T03:24:24Z,33.634507,-117.819700,47.700001,12.000000,0.000000,0.000000
2013-06-08T03:36:54Z,33.634801,-117.819655,38.900002,23.000000,179.399994,1.118034
2013-06-08T03:37:57Z,33.634375,-117.819714,58.700001,16.000000,237.699997,2.692582
2013-06-08T03:38:12Z,33.634507,-117.819696,46.500000,8.000000,0.000000,0.000000
2013-06-08T04:06:52Z,33.634278,-117.819715,67.699997,6.000000,48.799999,1.250000
2013-06-08T04:07:58Z,33.634648,-117.819707,37.000000,9.000000,0.000000,0.000000
2013-06-08T04:09:35Z,33.634539,-117.819698,29.400000,29.000000,0.000000,0.000000
2013-06-08T04:10:32Z,33.634374,-117.819716,68.000000,8.000000,178.500000,3.162278
2013-06-08T04:11:01Z,33.634533,-117.819728,42.700001,34.000000,0.000000,0.000000
2013-06-08T04:13:55Z,33.634406,-117.819505,10.800000,16.000000,48.200001,0.500000
2013-06-08T04:14:13Z,33.634555,-117.819594,47.799999,8.000000,269.899994,2.236068
2013-06-08T04:15:26Z,33.634492,-117.819724,42.200001,13.000000,0.000000,0.000000
2013-06-08T04:16:54Z,33.634547,-117.819619,69.300003,9.000000,123.699997,1.346291
2013-06-08T04:18:10Z,33.634483,-117.819726,40.500000,9.000000,0.000000,0.000000
2013-06-08T04:24:54Z,33.634587,-117.819604,76.000000,17.000000,207.300003,3.354102
2013-06-08T04:25:25Z,33.634606,-117.819714,75.800003,8.000000,0.000000,0.500000
2013-06-08T04:26:38Z,33.634505,-117.819881,48.400002,14.000000,214.199997,1.250000
2013-06-08T04:26:52Z,33.634436,-117.819716,59.200001,13.000000,119.099998,1.030776
2013-06-08T04:27:32Z,33.634596,-117.819659,78.199997,7.000000,179.500000,0.559017
2013-06-08T04:27:48Z,33.634481,-117.819711,42.099998,26.000000,0.000000,0.000000
2013-06-08T04:32:58Z,33.634692,-117.819574,61.099998,9.000000,112.300003,0.750000
2013-06-08T04:33:18Z,33.634537,-117.819716,37.000000,20.000000,0.000000,0.000000
2013-06-08T06:27:27Z,33.641535,-117.832602,131.899994,60.000000,0.000000,0.000000
2013-06-08T06:29:41Z,33.641543,-117.833164,69.000000,39.000000,0.000000,0.000000
2013-06-08T06:30:57Z,33.641549,-117.833324,41.599998,50.000000,0.000000,0.000000
2013-06-08T06:31:26Z,33.641541,-117.833128,62.099998,49.000000,0.000000,0.000000
2013-06-08T06:32:29Z,33.641549,-117.833242,50.299999,78.000000,0.000000,0.000000
2013-06-08T06:44:34Z,33.641585,-117.833350,41.400002,53.000000,0.000000,0.000000
2013-06-08T06:57:28Z,33.641082,-117.833927,79.500000,234.000000,127.500000,1.000000
2013-06-08T06:57:47Z,33.641351,-117.833422,67.199997,37.000000,150.600006,0.750000
2013-06-08T06:58:07Z,33.641375,-117.833197,52.900002,49.000000,145.899994,0.750000
2013-06-08T06:58:29Z,33.641304,-117.832994,49.799999,47.000000,163.699997,1.500000
2013-06-08T06:58:48Z,33.641389,-117.833075,44.099998,46.000000,162.199997,1.000000
2013-06-08T06:59:06Z,33.641461,-117.833274,38.000000,47.000000,0.000000,0.000000
2013-06-08T06:59:46Z,33.641538,-117.833365,39.900002,47.000000,0.000000,0.000000
